inst/template/friuli/input_maps_250m/dem.asc
ncols         73
nrows         61
xllcorner     793250.000000
yllcorner     5154750.000000
cellsize      250.000000
NODATA_value  -9999.0
[rows 0 to 24 of 61, columns 0 to 54 of 73]
-9999.0 -9999.0 -9999.0 -9999.0 -9999.0 -9999.0 -9999.0 -9999.0 -9999.0 -9999.0 -9999.0 -9999.0 -9999.0 -9999.0 -9999.0 -9999.0 -9999.0 -9999.0 -9999.0 -9999.0 -9999.0 -9999.0 -9999.0 -9999.0 -9999.0 -9999.0 -9999.0 -9999.0 -9999.0 -9999.0 -9999.0 -9999.0 -9999.0 -9999.0 -9999.0 -9999.0 -9999.0 -9999.0 -9999.0 -9999.0 -9999.0 -9999.0 -9999.0 -9999.0 -9999.0 -9999.0 -9999.0 -9999.0 -9999.0 -9999.0 -9999.0 -9999.0 -9999.0 -9999.0 -9999.0
-9999.0 -9999.0 -9999.0 -9999.0 -9999.0 -9999.0 -9999.0 -9999.0 -9999.0 -9999.0 -9999.0 -9999.0 -9999.0 -9999.0 -9999.0 -9999.0 -9999.0 -9999.0 -9999.0 -9999.0 -9999.0 -9999.0 -9999.0 -9999.0 -9999.0 -9999.0 -9999.0 -9999.0 -9999.0 -9999.0 -9999.0 -9999.0 -9999.0 -9999.0 -9999.0 -9999.0 -9999.0 -9999.0 -9999.0 -9999.0 -9999.0 -9999.0 -9999.0 -9999.0 -9999.0 -9999.0 -9999.0 -9999.0 -9999.0 -9999.0 -9999.0 -9999.0 -9999.0 -9999.0 -9999.0
-9999.0 -9999.0 -9999.0 -9999.0 -9999.0 -9999.0 -9999.0 -9999.0 -9999.0 -9999.0 -9999.0 -9999.0 -9999.0 -9999.0 -9999.0 -9999.0 -9999.0 -9999.0 -9999.0 -9999.0 -9999.0 -9999.0 -9999.0 -9999.0 -9999.0 -9999.0 -9999.0 -9999.0 -9999.0 -9999.0 -9999.0 -9999.0 -9999.0 -9999.0 -9999.0 -9999.0 -9999.0 -9999.0 -9999.0 -9999.0 -9999.0 -9999.0 -9999.0 -9999.0 -9999.0 -9999.0 -9999.0 -9999.0 -9999.0 -9999.0 -9999.0 -9999.0 -9999.0 -9999.0 -9999.0
-9999.0 -9999.0 -9999.0 -9999.0 -9999.0 -9999.0 -9999.0 -9999.0 -9999.0 -9999.0 -9999.0 -9999.0 -9999.0 -9999.0 -9999.0 -9999.0 -9999.0 -9999.0 -9999.0 -9999.0 -9999.0 -9999.0 -9999.0 -9999.0 -9999.0 -9999.0 -9999.0 -9999.0 -9999.0 -9999.0 -9999.0 -9999.0 -9999.0 -9999.0 -9999.0 -9999.0 -9999.0 -9999.0 -9999.0 -9999.0 -9999.0 -9999.0 -9999.0 -9999.0 -9999.0 -9999.0 -9999.0 -9999.0 -9999.0 -9999.0 -9999.0 -9999.0 -9999.0 -9999.0 -9999.0
2240.440000 -9999.0 -9999.0 -9999.0 -9999.0 -9999.0 -9999.0 -9999.0 -9999.0 -9999.0 -9999.0 -9999.0 -9999.0 -9999.0 -9999.0 -9999.0 -9999.0 -9999.0 -9999.0 -9999.0 2345.930000 2417.280000 -9999.0 -9999.0 2544.400000 2454.350000 2248.210000 2013.230000 1859.180000 1852.940000 1809.240000 1801.460000 -9999.0 -9999.0 -9999.0 -9999.0 -9999.0 -9999.0 -9999.0 -9999.0 -9999.0 -9999.0 -9999.0 -9999.0 -9999.0 -9999.0 -9999.0 -9999.0 -9999.0 -9999.0 -9999.0 -9999.0 -9999.0 -9999.0 -9999.0
2104.410000 2191.520000 -9999.0 -9999.0 -9999.0 -9999.0 -9999.0 -9999.0 -9999.0 -9999.0 2430.480000 2131.210000 1986.880000 2142.770000 2199.270000 2502.590000 -9999.0 -9999.0 -9999.0 2521.490000 2468.870000 2467.080000 2231.610000 2338.390000 2389.070000 2407.190000 2252.000000 2034.430000 1827.560000 1708.330000 1680.430000 1616.170000 1555.310000 1496.970000 -9999.0 -9999.0 -9999.0 -9999.0 1775.230000 1800.000000 1776.740000 1787.740000 -9999.0 -9999.0 -9999.0 -9999.0 -9999.0 -9999.0 -9999.0 -9999.0 -9999.0 -9999.0 -9999.0 -9999.0 -9999.0
2054.580000 1996.130000 2077.000000 2082.740000 -9999.0 -9999.0 -9999.0 -9999.0 -9999.0 2296.360000 2260.120000 2146.360000 1887.480000 1881.050000 2190.870000 2472.340000 2560.190000 2374.670000 2430.500000 2386.500000 2356.810000 2362.020000 2230.110000 2147.960000 2080.200000 2026.820000 2101.170000 1962.490000 1822.210000 1784.080000 1751.560000 1702.320000 1632.720000 1465.630000 1365.750000 1409.390000 -9999.0 1612.060000 1687.630000 1700.850000 1677.660000 1702.000000 1653.440000 1567.440000 1604.500000 -9999.0 -9999.0 -9999.0 -9999.0 -9999.0 1703.500000 1659.570000 1667.490000 1713.420000 -9999.0
1914.730000 1878.480000 1926.870000 1978.850000 1872.840000 1932.530000 2076.330000 2137.420000 2248.290000 2121.690000 2050.160000 2081.670000 1797.640000 1890.660000 2135.400000 2337.780000 2434.110000 2293.420000 2293.780000 2263.900000 2195.740000 2178.620000 2125.400000 2078.670000 2013.940000 1954.700000 1818.660000 1840.140000 1812.730000 1731.730000 1692.110000 1650.160000 1578.660000 1452.390000 1350.770000 1283.460000 1314.630000 1355.150000 1469.060000 1469.900000 1528.070000 1504.220000 1500.630000 1522.200000 1494.800000 1466.040000 1500.130000 1525.000000 1523.230000 1571.490000 1655.210000 1705.020000 1779.770000 1969.180000 2055.450000
1750.590000 1737.090000 1832.290000 1900.990000 1891.160000 1808.430000 1771.570000 1867.710000 1891.220000 1891.360000 1865.730000 1763.590000 1691.850000 1827.370000 2090.590000 2235.740000 2209.190000 2199.740000 2197.960000 2279.060000 2156.280000 2070.940000 2040.410000 2012.340000 1948.510000 1836.890000 1796.640000 1723.390000 1710.360000 1637.770000 1456.800000 1389.790000 1388.460000 1325.860000 1239.090000 1158.710000 1126.480000 1169.390000 1213.140000 1208.150000 1246.620000 1327.240000 1390.460000 1363.180000 1378.740000 1401.630000 1413.040000 1434.290000 1565.610000 1612.320000 1711.410000 1847.960000 1834.650000 1917.260000 1978.170000
1690.830000 1676.040000 1718.960000 1815.430000 1820.680000 1803.800000 1655.240000 1615.890000 1604.580000 1566.740000 1517.940000 1524.130000 1528.480000 1736.010000 2105.430000 2142.070000 2129.040000 2127.390000 2154.240000 2255.240000 2208.470000 2061.060000 1983.860000 1999.410000 1892.590000 1857.270000 1796.400000 1846.750000 1775.980000 1661.090000 1513.370000 1438.390000 1378.820000 1274.640000 1144.460000 1045.540000 1015.540000 1024.490000 1056.870000 1058.590000 1080.390000 1098.390000 1111.710000 1134.570000 1195.580000 1232.020000 1284.690000 1427.640000 1458.830000 1434.680000 1532.820000 1811.170000 1737.070000 1712.590000 1783.210000
1725.440000 1546.900000 1589.660000 1728.540000 1703.930000 1664.150000 1569.000000 1445.410000 1448.470000 1404.970000 1343.210000 1360.760000 1497.710000 1777.530000 1847.400000 1924.070000 1915.960000 1957.360000 2127.060000 2117.350000 2111.420000 2147.210000 1985.000000 1939.910000 1862.490000 1869.980000 1899.080000 1889.870000 1746.180000 1623.360000 1496.690000 1433.990000 1362.810000 1265.250000 1163.180000 1052.940000 1034.490000 1015.540000 1003.770000 1003.770000 974.480000 974.480000 974.480000 974.480000 1009.030000 1205.250000 1290.060000 1315.190000 1235.470000 1174.880000 1227.280000 1304.000000 1310.560000 1456.600000 1484.940000
1672.780000 1543.860000 1486.100000 1645.530000 1615.750000 1520.400000 1458.360000 1365.900000 1330.480000 1311.040000 1326.500000 1388.520000 1436.850000 1562.420000 1609.990000 1688.440000 1849.920000 1959.190000 2013.930000 1972.760000 2044.170000 2141.620000 1995.540000 1876.340000 1803.050000 1813.390000 1788.310000 1717.440000 1659.590000 1572.640000 1433.990000 1434.450000 1335.280000 1228.780000 1124.560000 1210.270000 1194.220000 1132.340000 1162.730000 1129.580000 1087.700000 1045.810000 1037.480000 1033.420000 970.770000 968.340000 1000.480000 998.870000 954.710000 946.280000 919.860000 947.900000 996.380000 1024.630000 1058.060000
1615.120000 1538.490000 1423.650000 1528.860000 1522.050000 1420.370000 1328.680000 1275.550000 1306.450000 1359.830000 1450.800000 1539.490000 1552.290000 1556.930000 1556.930000 1656.770000 1773.010000 1837.220000 1866.640000 1884.500000 2093.190000 2170.670000 2033.360000 1958.520000 1839.200000 1759.800000 1673.270000 1662.060000 1634.130000 1591.020000 1525.410000 1489.180000 1367.150000 1230.590000 1181.500000 1308.540000 1307.700000 1290.190000 1332.140000 1293.060000 1210.350000 1206.950000 1218.430000 1193.230000 1133.220000 1041.350000 968.340000 927.700000 917.150000 917.150000 917.150000 917.150000 917.150000 917.150000 927.190000
1597.670000 1559.470000 1410.600000 1392.890000 1383.600000 1306.890000 1243.880000 1290.500000 1356.030000 1452.720000 1564.460000 1653.610000 1676.630000 1680.160000 1677.330000 1630.710000 1673.760000 1718.280000 1790.320000 1906.580000 2101.580000 2153.320000 2133.220000 2053.570000 1948.230000 1874.850000 1835.440000 1763.380000 1708.130000 1670.180000 1568.450000 1484.240000 1362.500000 1234.420000 1249.460000 1363.730000 1399.580000 1406.710000 1449.700000 1449.980000 1300.850000 1342.070000 1344.610000 1338.640000 1246.060000 1166.700000 1127.460000 1077.230000 1052.550000 1027.830000 975.940000 951.620000 947.310000 921.090000 917.150000
1511.750000 1496.590000 1415.120000 1315.910000 1263.240000 1231.960000 1226.380000 1322.580000 1372.790000 1500.190000 1586.880000 1668.890000 1767.270000 1814.500000 1760.920000 1725.080000 1748.120000 1811.570000 1977.050000 1995.520000 2036.020000 2083.080000 2051.460000 2018.020000 1975.990000 1958.130000 1901.020000 1861.210000 1835.500000 1828.570000 1746.040000 1580.910000 1410.260000 1255.850000 1302.010000 1426.670000 1506.370000 1462.130000 1533.000000 1484.770000 1440.590000 1439.170000 1454.370000 1415.400000 1374.610000 1305.030000 1266.450000 1189.950000 1183.310000 1139.210000 1122.650000 1132.420000 1092.180000 1068.340000 969.430000
1396.880000 1364.100000 1323.650000 1238.290000 1183.790000 1226.070000 1320.730000 1405.420000 1422.520000 1444.810000 1539.960000 1632.410000 1781.680000 1906.380000 1922.970000 1920.120000 1925.050000 1957.320000 2024.970000 2025.000000 2014.190000 1990.030000 1954.470000 1935.730000 1945.220000 1923.950000 1918.850000 1888.860000 1867.120000 1829.800000 1741.690000 1592.490000 1417.490000 1269.950000 1409.370000 1525.910000 1598.470000 1614.290000 1638.670000 1592.350000 1579.080000 1592.520000 1595.990000 1500.630000 1451.280000 1445.150000 1388.170000 1309.930000 1279.190000 1208.360000 1161.390000 1150.000000 1116.150000 1076.910000 941.610000
1209.120000 1170.360000 1170.360000 1170.360000 1230.930000 1373.840000 1429.740000 1507.360000 1591.880000 1562.910000 1493.890000 1579.750000 1704.320000 1858.830000 1864.050000 1863.660000 1878.270000 1914.940000 2001.630000 1980.980000 1898.960000 1881.250000 1856.400000 1851.620000 1848.960000 1809.280000 1800.530000 1759.870000 1722.390000 1673.660000 1576.590000 1481.660000 1336.480000 1363.090000 1434.320000 1579.920000 1697.080000 1783.310000 1803.020000 1773.180000 1776.360000 1728.760000 1676.610000 1622.370000 1606.790000 1540.270000 1494.190000 1403.760000 1348.840000 1281.740000 1182.840000 1129.370000 1074.740000 1056.840000 928.030000
1145.770000 1174.080000 1238.590000 1314.670000 1389.790000 1512.290000 1569.670000 1620.280000 1699.800000 1700.110000 1689.240000 1686.950000 1635.090000 1711.200000 1736.730000 1775.640000 1809.710000 1925.860000 2099.770000 2076.720000 1888.940000 1796.890000 1744.050000 1718.660000 1727.540000 1713.110000 1669.040000 1638.630000 1592.810000 1552.610000 1455.710000 1373.220000 1344.550000 1400.190000 1495.010000 1607.100000 1725.730000 1911.550000 1969.440000 1965.000000 1902.570000 1885.810000 1799.150000 1725.900000 1712.800000 1668.380000 1580.260000 1476.350000 1346.500000 1280.460000 1179.100000 1050.690000 970.260000 923.140000 881.430000
1273.530000 1276.010000 1290.270000 1374.690000 1446.130000 1537.130000 1580.420000 1588.790000 1653.350000 1708.370000 1747.720000 1739.560000 1739.940000 1774.050000 1805.980000 1852.800000 1951.080000 2067.560000 2182.920000 2153.770000 1981.170000 1901.980000 1853.730000 1766.200000 1709.150000 1647.390000 1628.060000 1596.560000 1529.760000 1467.910000 1450.460000 1457.310000 1485.300000 1478.990000 1518.290000 1593.690000 1730.240000 1867.600000 1980.640000 2022.090000 1955.240000 1881.390000 1803.510000 1741.870000 1685.410000 1617.990000 1542.310000 1450.870000 1322.600000 1219.610000 1154.180000 1027.360000 935.220000 902.750000 839.510000
1252.860000 1219.530000 1228.990000 1273.250000 1356.920000 1395.770000 1431.160000 1459.240000 1532.130000 1607.940000 1646.400000 1660.420000 1785.840000 1875.570000 1971.520000 2026.630000 2076.680000 2135.940000 2224.760000 2225.000000 2199.450000 2085.460000 2004.120000 1926.950000 1901.290000 1803.690000 1804.130000 1741.260000 1673.400000 1592.090000 1572.760000 1601.540000 1628.710000 1628.430000 1660.860000 1685.770000 1729.130000 1814.720000 1882.520000 1951.560000 1849.800000 1782.050000 1722.570000 1614.180000 1550.610000 1501.380000 1449.710000 1378.290000 1286.150000 1186.960000 1089.820000 1026.130000 1010.080000 929.650000 858.840000
1067.600000 1081.070000 1099.600000 1135.300000 1174.220000 1249.380000 1293.030000 1320.020000 1412.150000 1459.950000 1529.390000 1636.220000 1758.500000 1851.110000 1940.620000 1970.350000 1995.570000 2031.980000 2153.650000 2201.780000 2197.420000 2174.290000 2111.170000 2102.810000 2103.990000 1986.580000 1897.760000 1849.870000 1823.880000 1775.050000 1766.360000 1783.080000 1783.410000 1765.110000 1814.800000 1874.950000 1952.410000 2039.100000 2082.120000 2029.440000 1969.970000 1970.850000 1870.350000 1749.120000 1679.240000 1623.130000 1560.970000 1427.310000 1356.730000 1294.040000 1158.160000 1133.810000 1081.800000 988.200000 919.050000
881.460000 914.080000 954.030000 997.250000 1054.390000 1109.000000 1157.430000 1202.160000 1299.130000 1381.070000 1438.550000 1556.300000 1671.610000 1736.050000 1771.740000 1817.440000 1890.200000 1923.400000 2075.610000 2112.160000 2074.170000 2063.410000 1980.810000 2095.780000 2145.130000 2146.900000 2080.800000 2068.460000 2034.790000 1965.560000 1973.760000 1994.460000 1981.900000 1941.940000 1960.270000 1970.850000 1998.460000 2016.410000 2082.520000 2027.030000 1942.790000 1969.610000 1959.930000 1969.430000 1875.850000 1797.000000 1721.420000 1603.980000 1445.980000 1392.520000 1256.830000 1201.710000 1120.930000 1033.460000 939.090000
849.870000 849.870000 849.870000 849.870000 946.460000 986.910000 1020.740000 1132.020000 1223.800000 1266.420000 1413.380000 1528.240000 1578.210000 1594.010000 1628.640000 1709.710000 1788.560000 1896.700000 1992.590000 2079.770000 2041.280000 1972.840000 1924.880000 1959.650000 2111.830000 2126.510000 2075.000000 2075.000000 2067.000000 2023.030000 2034.650000 2070.680000 2013.330000 1909.990000 1875.070000 1861.430000 1816.780000 1844.140000 1938.130000 1995.750000 1949.150000 1921.670000 1945.680000 1968.030000 1975.000000 1969.540000 1909.700000 1689.730000 1563.100000 1478.610000 1365.100000 1301.010000 1176.680000 1064.540000 978.920000
995.820000 966.510000 935.550000 867.550000 797.420000 835.270000 938.990000 1053.480000 1086.400000 1253.460000 1326.560000 1422.680000 1471.400000 1463.030000 1469.410000 1573.410000 1703.800000 1809.390000 1942.030000 2037.310000 2010.540000 1850.510000 1875.840000 1972.490000 2079.390000 2054.240000 1932.610000 1990.310000 2049.660000 1979.560000 1895.180000 2001.130000 2033.830000 1870.600000 1719.810000 1686.260000 1625.790000 1685.000000 1724.470000 1810.440000 1815.700000 1838.750000 1850.700000 1938.990000 1959.300000 1932.700000 1905.840000 1811.940000 1715.060000 1588.870000 1484.070000 1409.930000 1313.990000 1139.680000 1029.580000
1146.210000 1130.250000 1072.920000 1003.050000 940.120000 797.420000 850.080000 911.180000 1067.180000 1134.970000 1219.120000 1293.120000 1362.740000 1344.170000 1370.500000 1474.880000 1625.470000 1724.690000 1907.400000 1974.290000 1906.180000 1763.160000 1825.270000 1955.170000 2003.480000 2023.980000 1874.940000 1908.060000 1918.030000 1863.840000 1857.080000 2035.670000 2077.810000 1960.330000 1777.220000 1569.130000 1488.410000 1525.090000 1611.990000 1683.820000 1674.820000 1711.200000 1728.980000 1795.380000 1922.480000 1926.980000 1884.410000 1808.380000 1756.700000 1676.860000 1597.740000 1456.740000 1369.800000 1214.590000 1063.560000
