inst/template/friuli/input_maps_250m/dem.asc
ncols         73
nrows         61
xllcorner     793250.000000
yllcorner     5154750.000000
cellsize      250.000000
NODATA_value  -9999.0
[rows 25 to 49 of 61, columns 0 to 54 of 73]
1257.760000 1198.390000 1154.160000 1076.940000 1010.860000 887.110000 751.700000 810.610000 977.370000 996.040000 1108.920000 1211.510000 1235.060000 1210.300000 1329.880000 1418.810000 1583.340000 1740.060000 1893.940000 1914.200000 1835.280000 1653.320000 1753.660000 1830.380000 1882.400000 1945.650000 1906.220000 1783.080000 1728.490000 1724.340000 1912.960000 2012.040000 1983.970000 1916.000000 1776.100000 1598.000000 1454.300000 1375.750000 1465.570000 1486.350000 1590.290000 1607.090000 1572.180000 1692.510000 1812.290000 1872.960000 1809.960000 1786.820000 1762.280000 1716.340000 1580.480000 1436.520000 1347.970000 1242.290000 1101.440000
1299.330000 1226.770000 1164.150000 1096.520000 1021.120000 922.230000 814.130000 751.700000 812.290000 895.470000 1014.800000 1107.560000 1105.830000 1178.470000 1256.330000 1408.100000 1573.160000 1762.400000 1866.180000 1852.580000 1736.000000 1596.530000 1644.720000 1687.140000 1803.290000 1881.490000 1905.730000 1783.810000 1620.780000 1755.310000 1905.300000 1972.860000 1864.810000 1775.110000 1654.060000 1501.820000 1410.610000 1283.090000 1304.850000 1339.500000 1413.890000 1426.620000 1476.840000 1617.720000 1790.720000 1828.900000 1691.590000 1685.360000 1669.020000 1699.350000 1615.020000 1450.660000 1308.110000 1177.510000 1092.680000
1222.980000 1200.460000 1107.170000 1067.640000 1004.560000 944.340000 840.920000 759.140000 751.700000 775.090000 890.320000 994.490000 996.150000 1133.040000 1263.900000 1426.350000 1606.800000 1755.920000 1826.440000 1807.430000 1656.780000 1549.570000 1504.850000 1612.570000 1750.290000 1784.490000 1822.320000 1735.410000 1575.220000 1715.190000 1874.130000 1926.540000 1798.060000 1685.220000 1562.530000 1472.940000 1448.080000 1339.780000 1167.250000 1277.810000 1253.020000 1367.900000 1504.900000 1705.040000 1755.220000 1741.590000 1675.110000 1554.140000 1539.820000 1553.910000 1565.810000 1508.120000 1308.460000 1132.890000 995.830000
1158.630000 1165.680000 1100.210000 1029.550000 965.290000 919.710000 856.230000 784.080000 762.440000 731.100000 846.410000 886.340000 962.470000 1102.410000 1247.480000 1397.730000 1522.910000 1607.090000 1732.290000 1737.050000 1634.460000 1504.370000 1377.960000 1528.190000 1607.090000 1621.400000 1632.100000 1581.100000 1522.600000 1687.330000 1856.330000 1897.650000 1835.700000 1798.770000 1680.640000 1603.980000 1487.140000 1354.720000 1173.780000 1133.960000 1276.840000 1396.010000 1543.510000 1685.080000 1683.900000 1606.290000 1588.070000 1532.840000 1475.930000 1427.930000 1444.010000 1426.060000 1321.170000 1144.330000 1027.860000
1094.400000 1067.420000 1055.020000 1002.770000 949.310000 871.570000 853.920000 852.530000 792.880000 737.350000 712.410000 842.110000 961.700000 1093.280000 1234.900000 1362.590000 1378.230000 1456.630000 1613.530000 1658.620000 1580.240000 1476.090000 1323.570000 1405.880000 1414.210000 1435.550000 1436.760000 1421.780000 1508.060000 1700.450000 1879.180000 1959.170000 1944.010000 1835.740000 1671.360000 1513.300000 1417.780000 1293.690000 1118.220000 1141.860000 1220.320000 1343.990000 1484.040000 1571.370000 1617.740000 1555.230000 1530.180000 1469.660000 1428.620000 1411.260000 1399.890000 1343.710000 1279.320000 1136.530000 1047.240000
1154.720000 1148.860000 1084.910000 1061.450000 1016.070000 975.600000 921.100000 901.260000 830.930000 762.270000 706.140000 773.090000 914.110000 1001.640000 1121.260000 1185.970000 1208.850000 1361.400000 1537.590000 1535.830000 1464.150000 1335.450000 1252.920000 1207.370000 1246.680000 1309.810000 1421.780000 1509.870000 1626.660000 1768.110000 1897.160000 1923.500000 1873.410000 1840.690000 1734.690000 1622.600000 1483.250000 1308.190000 1161.230000 1029.730000 1091.860000 1190.950000 1332.040000 1509.920000 1529.060000 1508.460000 1453.040000 1414.180000 1326.340000 1377.110000 1372.360000 1349.050000 1289.650000 1178.280000 1035.350000
1213.150000 1162.690000 1133.050000 1117.960000 1067.580000 1035.020000 977.390000 926.720000 848.020000 794.990000 775.000000 706.140000 758.800000 895.330000 928.220000 1046.350000 1190.350000 1273.180000 1410.340000 1443.370000 1364.450000 1187.220000 1172.710000 1283.240000 1344.000000 1417.240000 1528.750000 1610.020000 1721.130000 1802.360000 1825.410000 1830.130000 1807.700000 1836.250000 1744.860000 1607.890000 1477.120000 1339.480000 1219.230000 1084.990000 993.960000 1131.580000 1279.940000 1388.510000 1415.200000 1432.760000 1311.280000 1301.860000 1216.850000 1319.010000 1299.140000 1297.560000 1267.480000 1165.160000 1047.290000
1292.200000 1260.650000 1255.400000 1215.810000 1166.890000 1132.080000 1057.020000 982.890000 880.310000 876.950000 797.870000 748.890000 706.140000 763.710000 895.890000 1031.110000 1135.580000 1266.060000 1363.380000 1348.600000 1251.150000 1135.210000 1193.160000 1319.830000 1448.250000 1524.800000 1613.100000 1712.490000 1786.040000 1827.770000 1743.270000 1670.590000 1813.290000 1821.580000 1669.070000 1479.550000 1350.890000 1281.800000 1184.220000 1058.490000 946.800000 1084.410000 1213.890000 1273.320000 1300.750000 1347.750000 1226.690000 1178.500000 1086.980000 1234.630000 1231.610000 1181.490000 1144.810000 1070.520000 957.490000
1414.010000 1389.330000 1368.350000 1338.520000 1256.910000 1180.330000 1106.610000 1021.670000 980.320000 918.200000 864.530000 764.310000 706.140000 746.710000 859.220000 998.670000 1137.090000 1252.370000 1282.500000 1233.650000 1140.730000 1120.340000 1183.000000 1329.890000 1460.280000 1606.660000 1668.540000 1728.850000 1750.950000 1745.510000 1662.870000 1608.460000 1700.920000 1638.440000 1629.470000 1494.940000 1359.150000 1213.300000 1118.700000 1050.190000 921.020000 1005.530000 1081.920000 1143.310000 1235.030000 1230.020000 1119.860000 1013.960000 1059.820000 1115.700000 1115.040000 1050.020000 1042.580000 961.870000 828.890000
1583.470000 1569.560000 1555.200000 1476.270000 1370.970000 1238.920000 1150.250000 1118.770000 1011.880000 945.300000 861.440000 787.470000 741.630000 688.190000 832.370000 998.060000 1123.970000 1230.840000 1243.040000 1159.260000 1027.940000 1191.390000 1292.110000 1377.510000 1482.480000 1617.660000 1658.020000 1710.610000 1672.550000 1588.730000 1567.570000 1554.110000 1598.550000 1529.670000 1479.900000 1482.100000 1361.730000 1290.680000 1224.530000 1113.740000 955.900000 884.160000 999.850000 1056.850000 1075.640000 1065.290000 1004.860000 890.000000 985.810000 1022.150000 1006.690000 933.270000 941.280000 847.930000 748.530000
1662.970000 1716.350000 1720.700000 1586.270000 1441.460000 1318.870000 1269.360000 1175.200000 1073.270000 957.700000 877.090000 779.980000 725.260000 680.470000 735.800000 899.410000 975.760000 1076.800000 1093.570000 1058.210000 1027.940000 1213.260000 1334.580000 1430.140000 1510.660000 1558.320000 1512.970000 1620.530000 1607.080000 1468.700000 1434.960000 1516.660000 1519.590000 1419.500000 1340.340000 1356.760000 1352.320000 1297.080000 1176.690000 1105.600000 963.210000 869.060000 912.390000 938.930000 950.130000 910.200000 891.170000 812.680000 841.530000 859.060000 877.280000 813.450000 833.080000 801.760000 705.450000
1627.270000 1667.580000 1684.740000 1631.500000 1529.460000 1415.980000 1331.510000 1207.020000 1065.700000 964.640000 878.010000 815.510000 737.330000 680.470000 693.850000 805.420000 877.060000 957.800000 977.530000 882.230000 1010.750000 1167.430000 1256.110000 1383.170000 1443.090000 1445.350000 1394.330000 1480.200000 1494.190000 1385.630000 1395.620000 1452.370000 1399.580000 1335.450000 1279.560000 1200.910000 1207.400000 1122.060000 1055.120000 969.430000 933.870000 840.750000 843.930000 834.010000 800.860000 813.230000 798.740000 752.700000 791.790000 766.000000 744.840000 699.890000 710.620000 718.020000 658.440000
1484.210000 1516.440000 1552.530000 1576.660000 1509.540000 1409.860000 1336.480000 1206.200000 1086.180000 1055.440000 978.340000 896.030000 796.260000 714.690000 680.470000 784.110000 858.300000 897.750000 882.230000 884.280000 976.680000 1080.750000 1154.440000 1273.250000 1292.940000 1279.060000 1278.920000 1350.700000 1365.170000 1286.090000 1283.940000 1295.300000 1258.260000 1217.480000 1161.290000 1120.990000 1071.800000 1016.990000 956.000000 905.000000 836.360000 780.470000 726.310000 753.280000 726.800000 728.440000 753.990000 719.290000 695.720000 688.150000 675.880000 661.990000 628.230000 633.190000 588.130000
1377.990000 1403.060000 1452.790000 1490.880000 1472.430000 1353.020000 1336.400000 1257.780000 1201.070000 1102.030000 1015.500000 942.870000 825.260000 710.850000 622.610000 695.570000 813.330000 889.280000 856.690000 857.310000 963.730000 1029.090000 1096.290000 1152.570000 1162.740000 1137.350000 1139.170000 1195.090000 1210.680000 1171.420000 1194.490000 1191.900000 1171.190000 1122.720000 1050.700000 1001.320000 947.500000 913.100000 846.780000 824.700000 794.720000 778.940000 761.860000 726.290000 726.290000 662.150000 662.150000 638.100000 610.810000 610.810000 602.770000 585.080000 576.580000 574.940000 569.770000
1277.600000 1286.410000 1322.950000 1394.490000 1396.330000 1283.520000 1265.060000 1237.000000 1224.300000 1128.230000 1027.960000 946.270000 844.230000 756.490000 622.610000 654.850000 762.410000 841.610000 819.250000 831.640000 981.660000 1031.380000 1059.840000 1075.590000 1076.250000 1058.820000 1053.520000 1070.440000 1088.490000 1044.880000 1055.180000 1060.840000 1064.130000 1029.630000 972.990000 931.760000 886.250000 846.780000 883.880000 887.460000 802.720000 844.630000 793.180000 773.870000 746.740000 726.820000 692.040000 690.440000 663.950000 642.800000 596.260000 572.900000 569.820000 565.610000 560.260000
1155.470000 1151.040000 1196.520000 1222.650000 1239.020000 1110.880000 1203.980000 1171.380000 1157.840000 1122.170000 1016.410000 897.160000 800.370000 722.840000 622.610000 669.680000 749.330000 768.590000 746.070000 820.620000 943.840000 971.440000 973.970000 999.710000 963.730000 963.230000 949.640000 973.720000 977.660000 964.680000 952.940000 968.770000 971.180000 975.860000 986.750000 969.600000 916.950000 921.510000 982.090000 972.450000 843.880000 861.110000 799.960000 832.540000 855.450000 911.780000 860.540000 878.390000 843.840000 796.670000 714.960000 621.930000 586.180000 569.680000 553.280000
1000.520000 990.800000 1028.180000 1015.550000 997.450000 1008.870000 1111.570000 1112.890000 1108.250000 1086.550000 980.220000 878.000000 755.820000 673.660000 622.610000 698.530000 684.410000 683.990000 808.060000 825.740000 837.630000 855.100000 882.050000 884.810000 864.330000 859.550000 874.080000 879.750000 908.080000 908.080000 923.970000 978.320000 1047.430000 1101.720000 1091.050000 1104.690000 1044.840000 985.220000 1020.440000 973.030000 894.480000 997.560000 937.230000 979.470000 1001.720000 1018.450000 1026.840000 970.700000 882.350000 796.860000 698.240000 597.050000 580.530000 573.740000 553.280000
896.050000 909.430000 924.980000 904.630000 872.850000 876.330000 1006.250000 1032.760000 1042.680000 1027.560000 921.410000 832.980000 754.040000 658.230000 622.610000 654.190000 666.010000 716.490000 756.990000 757.710000 757.710000 780.750000 799.660000 822.820000 828.600000 848.650000 885.310000 905.410000 915.050000 918.220000 977.170000 1048.590000 1120.470000 1212.360000 1201.630000 1164.580000 1113.250000 1054.720000 975.500000 997.170000 1043.030000 1066.690000 1065.930000 1066.360000 1105.300000 1119.750000 1119.900000 1008.090000 876.230000 780.960000 658.810000 576.630000 565.380000 553.280000 553.280000
798.930000 815.830000 796.670000 795.580000 769.080000 843.500000 922.260000 971.840000 956.430000 965.280000 900.200000 829.370000 736.530000 625.030000 622.610000 622.880000 653.300000 726.640000 791.850000 816.720000 823.150000 804.980000 850.780000 912.770000 909.250000 941.180000 989.290000 942.700000 1016.340000 1042.610000 1091.020000 1168.510000 1272.530000 1371.210000 1384.120000 1319.820000 1169.890000 1087.970000 1101.710000 1161.340000 1230.300000 1255.740000 1250.410000 1224.070000 1249.030000 1218.720000 1168.580000 1039.730000 888.280000 758.250000 631.780000 573.600000 555.350000 553.280000 553.280000
692.040000 714.090000 709.590000 690.520000 715.820000 765.430000 811.280000 870.340000 873.970000 817.930000 773.570000 715.280000 640.860000 599.480000 608.410000 616.250000 667.520000 730.000000 800.040000 849.000000 902.380000 915.630000 923.420000 940.740000 984.860000 1056.700000 1060.260000 1021.330000 1026.530000 1102.450000 1240.830000 1305.010000 1383.490000 1475.550000 1436.040000 1272.290000 1202.050000 1259.760000 1268.070000 1285.420000 1306.900000 1324.360000 1333.290000 1297.850000 1258.520000 1228.550000 1165.070000 1051.630000 903.420000 756.700000 635.460000 569.890000 553.280000 553.280000 553.280000
649.730000 649.730000 649.730000 644.790000 649.710000 665.010000 742.530000 761.020000 756.270000 731.620000 742.670000 680.660000 582.200000 564.470000 592.160000 654.330000 698.020000 706.440000 756.250000 814.420000 887.070000 955.520000 988.670000 1027.090000 1029.960000 1199.260000 1216.520000 1149.320000 1069.890000 1080.040000 1204.600000 1248.550000 1324.610000 1468.560000 1452.600000 1346.610000 1395.470000 1380.440000 1348.330000 1325.220000 1300.810000 1302.410000 1295.310000 1280.180000 1226.340000 1165.420000 1099.250000 1009.840000 862.900000 755.780000 658.480000 577.870000 553.280000 553.280000 553.280000
705.620000 677.020000 670.220000 623.880000 623.880000 623.880000 623.880000 647.000000 671.360000 661.610000 655.600000 617.280000 562.490000 562.490000 648.390000 698.040000 750.280000 817.830000 855.100000 917.310000 963.770000 1066.100000 1163.800000 1181.770000 1150.800000 1203.430000 1335.880000 1286.960000 1182.990000 1202.700000 1299.760000 1391.350000 1521.400000 1576.130000 1598.520000 1545.270000 1479.780000 1398.250000 1348.110000 1305.210000 1275.970000 1236.090000 1224.100000 1192.780000 1117.170000 1076.460000 1045.240000 959.280000 865.640000 762.990000 667.840000 621.350000 553.280000 553.280000 553.280000
766.610000 746.310000 767.960000 671.300000 655.160000 658.650000 645.970000 611.160000 590.150000 599.070000 593.020000 572.460000 562.490000 602.440000 667.850000 730.700000 768.440000 839.870000 850.830000 929.780000 1050.480000 1166.750000 1257.840000 1331.110000 1305.400000 1331.000000 1451.380000 1407.900000 1280.930000 1229.710000 1368.630000 1491.400000 1604.610000 1700.000000 1687.990000 1587.350000 1504.060000 1418.540000 1387.270000 1345.210000 1270.930000 1242.850000 1107.430000 1074.170000 1006.710000 962.710000 911.550000 876.140000 839.340000 756.330000 666.520000 619.690000 597.530000 553.280000 553.280000
954.250000 862.640000 855.400000 756.070000 766.170000 791.330000 787.810000 724.240000 668.290000 590.150000 576.190000 562.490000 562.490000 631.670000 695.950000 752.810000 790.240000 852.780000 889.660000 938.940000 1041.860000 1148.250000 1220.450000 1400.400000 1486.110000 1515.480000 1549.440000 1491.400000 1423.280000 1390.960000 1519.540000 1599.540000 1710.130000 1718.900000 1684.630000 1582.070000 1477.330000 1469.190000 1450.360000 1441.520000 1437.190000 1440.430000 1325.500000 1161.200000 1094.950000 938.920000 805.860000 746.010000 666.300000 670.760000 651.610000 590.140000 599.670000 553.280000 553.280000
1092.040000 980.590000 885.890000 771.820000 796.420000 849.980000 831.920000 800.460000 720.710000 655.930000 562.490000 562.490000 562.490000 634.170000 723.220000 758.460000 787.580000 841.150000 880.360000 918.860000 1035.070000 1092.110000 1193.100000 1353.220000 1481.050000 1556.380000 1613.430000 1605.940000 1541.500000 1519.640000 1603.050000 1732.610000 1731.360000 1686.760000 1632.260000 1594.670000 1532.000000 1496.660000 1530.560000 1559.820000 1503.330000 1499.730000 1370.210000 1305.910000 1168.060000 1002.170000 910.160000 799.820000 664.510000 639.560000 616.410000 581.130000 559.490000 553.280000 553.280000
