inst/template/friuli/input_maps_250m/sky.asc
ncols         73
nrows         61
xllcorner     793250.000000
yllcorner     5154750.000000
cellsize      250.000000
NODATA_value  -9999.0
[rows 0 to 27 of 61, columns 0 to 62 of 73]
-9999.0 -9999.0 -9999.0 -9999.0 -9999.0 -9999.0 -9999.0 -9999.0 -9999.0 -9999.0 -9999.0 -9999.0 -9999.0 -9999.0 -9999.0 -9999.0 -9999.0 -9999.0 -9999.0 -9999.0 -9999.0 -9999.0 -9999.0 -9999.0 -9999.0 -9999.0 -9999.0 -9999.0 -9999.0 -9999.0 -9999.0 -9999.0 -9999.0 -9999.0 -9999.0 -9999.0 -9999.0 -9999.0 -9999.0 -9999.0 -9999.0 -9999.0 -9999.0 -9999.0 -9999.0 -9999.0 -9999.0 -9999.0 -9999.0 -9999.0 -9999.0 -9999.0 -9999.0 -9999.0 -9999.0 -9999.0 -9999.0 -9999.0 -9999.0 -9999.0 -9999.0 -9999.0 -9999.0
-9999.0 -9999.0 -9999.0 -9999.0 -9999.0 -9999.0 -9999.0 -9999.0 -9999.0 -9999.0 -9999.0 -9999.0 -9999.0 -9999.0 -9999.0 -9999.0 -9999.0 -9999.0 -9999.0 -9999.0 -9999.0 -9999.0 -9999.0 -9999.0 -9999.0 -9999.0 -9999.0 -9999.0 -9999.0 -9999.0 -9999.0 -9999.0 -9999.0 -9999.0 -9999.0 -9999.0 -9999.0 -9999.0 -9999.0 -9999.0 -9999.0 -9999.0 -9999.0 -9999.0 -9999.0 -9999.0 -9999.0 -9999.0 -9999.0 -9999.0 -9999.0 -9999.0 -9999.0 -9999.0 -9999.0 -9999.0 -9999.0 -9999.0 -9999.0 -9999.0 -9999.0 -9999.0 -9999.0
-9999.0 -9999.0 -9999.0 -9999.0 -9999.0 -9999.0 -9999.0 -9999.0 -9999.0 -9999.0 -9999.0 -9999.0 -9999.0 -9999.0 -9999.0 -9999.0 -9999.0 -9999.0 -9999.0 -9999.0 -9999.0 -9999.0 -9999.0 -9999.0 -9999.0 -9999.0 -9999.0 -9999.0 -9999.0 -9999.0 -9999.0 -9999.0 -9999.0 -9999.0 -9999.0 -9999.0 -9999.0 -9999.0 -9999.0 -9999.0 -9999.0 -9999.0 -9999.0 -9999.0 -9999.0 -9999.0 -9999.0 -9999.0 -9999.0 -9999.0 -9999.0 -9999.0 -9999.0 -9999.0 -9999.0 -9999.0 -9999.0 -9999.0 -9999.0 -9999.0 -9999.0 -9999.0 -9999.0
-9999.0 -9999.0 -9999.0 -9999.0 -9999.0 -9999.0 -9999.0 -9999.0 -9999.0 -9999.0 -9999.0 -9999.0 -9999.0 -9999.0 -9999.0 -9999.0 -9999.0 -9999.0 -9999.0 -9999.0 -9999.0 -9999.0 -9999.0 -9999.0 -9999.0 -9999.0 -9999.0 -9999.0 -9999.0 -9999.0 -9999.0 -9999.0 -9999.0 -9999.0 -9999.0 -9999.0 -9999.0 -9999.0 -9999.0 -9999.0 -9999.0 -9999.0 -9999.0 -9999.0 -9999.0 -9999.0 -9999.0 -9999.0 -9999.0 -9999.0 -9999.0 -9999.0 -9999.0 -9999.0 -9999.0 -9999.0 -9999.0 -9999.0 -9999.0 -9999.0 -9999.0 -9999.0 -9999.0
-9999.0 -9999.0 -9999.0 -9999.0 -9999.0 -9999.0 -9999.0 -9999.0 -9999.0 -9999.0 -9999.0 -9999.0 -9999.0 -9999.0 -9999.0 -9999.0 -9999.0 -9999.0 -9999.0 -9999.0 0.440000 0.440000 -9999.0 -9999.0 0.520000 0.900000 0.850000 0.820000 0.830000 0.870000 0.850000 0.470000 -9999.0 -9999.0 -9999.0 -9999.0 -9999.0 -9999.0 -9999.0 -9999.0 -9999.0 -9999.0 -9999.0 -9999.0 -9999.0 -9999.0 -9999.0 -9999.0 -9999.0 -9999.0 -9999.0 -9999.0 -9999.0 -9999.0 -9999.0 -9999.0 -9999.0 -9999.0 -9999.0 -9999.0 -9999.0 -9999.0 -9999.0
-9999.0 0.480000 -9999.0 -9999.0 -9999.0 -9999.0 -9999.0 -9999.0 -9999.0 -9999.0 0.520000 0.800000 0.800000 0.810000 0.740000 0.480000 -9999.0 -9999.0 -9999.0 0.520000 0.930000 0.930000 0.800000 0.810000 0.840000 0.870000 0.880000 0.850000 0.860000 0.850000 0.850000 0.830000 0.820000 0.440000 -9999.0 -9999.0 -9999.0 -9999.0 0.520000 0.950000 0.940000 0.520000 -9999.0 -9999.0 -9999.0 -9999.0 -9999.0 -9999.0 -9999.0 -9999.0 -9999.0 -9999.0 -9999.0 -9999.0 -9999.0 -9999.0 -9999.0 -9999.0 -9999.0 -9999.0 -9999.0 -9999.0 -9999.0
-9999.0 0.860000 0.850000 0.460000 -9999.0 -9999.0 -9999.0 -9999.0 -9999.0 0.480000 0.870000 0.840000 0.750000 0.720000 0.780000 0.860000 0.930000 0.830000 0.880000 0.900000 0.900000 0.910000 0.840000 0.860000 0.800000 0.790000 0.850000 0.870000 0.880000 0.920000 0.920000 0.930000 0.910000 0.880000 0.890000 0.510000 -9999.0 0.490000 0.880000 0.900000 0.910000 0.920000 0.920000 0.930000 0.520000 -9999.0 -9999.0 -9999.0 -9999.0 -9999.0 0.520000 0.900000 0.880000 0.470000 -9999.0 -9999.0 0.520000 0.950000 0.940000 0.500000 -9999.0 -9999.0 -9999.0
-9999.0 0.870000 0.890000 0.900000 0.820000 0.780000 0.800000 0.790000 0.830000 0.810000 0.840000 0.840000 0.750000 0.760000 0.800000 0.870000 0.910000 0.850000 0.910000 0.900000 0.870000 0.890000 0.880000 0.890000 0.890000 0.880000 0.840000 0.880000 0.920000 0.920000 0.900000 0.890000 0.900000 0.890000 0.890000 0.840000 0.820000 0.780000 0.820000 0.820000 0.840000 0.870000 0.880000 0.920000 0.920000 0.900000 0.910000 0.920000 0.890000 0.880000 0.920000 0.900000 0.900000 0.890000 0.910000 0.940000 0.910000 0.890000 0.900000 0.920000 0.510000 -9999.0 -9999.0
-9999.0 0.860000 0.900000 0.910000 0.900000 0.850000 0.800000 0.810000 0.800000 0.790000 0.800000 0.790000 0.750000 0.770000 0.830000 0.910000 0.900000 0.910000 0.910000 0.940000 0.900000 0.890000 0.900000 0.920000 0.900000 0.890000 0.890000 0.890000 0.900000 0.900000 0.850000 0.810000 0.860000 0.870000 0.860000 0.850000 0.820000 0.810000 0.830000 0.810000 0.800000 0.840000 0.860000 0.870000 0.890000 0.910000 0.920000 0.900000 0.940000 0.930000 0.910000 0.950000 0.930000 0.910000 0.890000 0.850000 0.810000 0.790000 0.830000 0.840000 0.890000 0.910000 0.930000
-9999.0 0.880000 0.890000 0.910000 0.910000 0.880000 0.850000 0.830000 0.810000 0.790000 0.770000 0.780000 0.740000 0.730000 0.860000 0.910000 0.910000 0.920000 0.910000 0.950000 0.930000 0.900000 0.900000 0.930000 0.910000 0.920000 0.890000 0.920000 0.920000 0.900000 0.890000 0.900000 0.910000 0.890000 0.860000 0.840000 0.840000 0.830000 0.830000 0.820000 0.830000 0.820000 0.810000 0.810000 0.850000 0.860000 0.870000 0.920000 0.890000 0.830000 0.770000 0.820000 0.830000 0.830000 0.840000 0.830000 0.810000 0.800000 0.810000 0.810000 0.850000 0.850000 0.900000
-9999.0 0.860000 0.860000 0.910000 0.910000 0.880000 0.840000 0.830000 0.840000 0.820000 0.790000 0.780000 0.780000 0.820000 0.830000 0.850000 0.860000 0.850000 0.920000 0.930000 0.930000 0.940000 0.890000 0.920000 0.920000 0.930000 0.950000 0.940000 0.910000 0.900000 0.900000 0.910000 0.910000 0.900000 0.880000 0.840000 0.830000 0.830000 0.820000 0.840000 0.820000 0.830000 0.810000 0.810000 0.800000 0.870000 0.870000 0.850000 0.810000 0.790000 0.740000 0.730000 0.720000 0.770000 0.760000 0.780000 0.820000 0.820000 0.820000 0.850000 0.880000 0.890000 0.900000
-9999.0 0.870000 0.850000 0.910000 0.900000 0.870000 0.850000 0.840000 0.840000 0.820000 0.800000 0.790000 0.790000 0.840000 0.810000 0.810000 0.880000 0.910000 0.920000 0.880000 0.910000 0.950000 0.880000 0.880000 0.890000 0.920000 0.910000 0.880000 0.890000 0.900000 0.870000 0.910000 0.890000 0.880000 0.870000 0.880000 0.870000 0.830000 0.850000 0.850000 0.850000 0.840000 0.830000 0.840000 0.820000 0.790000 0.800000 0.770000 0.770000 0.770000 0.760000 0.740000 0.740000 0.750000 0.730000 0.780000 0.820000 0.810000 0.860000 0.890000 0.910000 0.910000 0.900000
-9999.0 0.900000 0.860000 0.910000 0.900000 0.870000 0.860000 0.840000 0.850000 0.840000 0.830000 0.840000 0.850000 0.860000 0.820000 0.850000 0.880000 0.890000 0.900000 0.840000 0.900000 0.960000 0.880000 0.890000 0.880000 0.890000 0.850000 0.890000 0.900000 0.900000 0.900000 0.910000 0.890000 0.880000 0.850000 0.900000 0.900000 0.880000 0.880000 0.870000 0.870000 0.870000 0.870000 0.870000 0.860000 0.850000 0.830000 0.810000 0.800000 0.810000 0.820000 0.820000 0.810000 0.820000 0.800000 0.830000 0.830000 0.840000 0.870000 0.890000 0.930000 0.930000 0.930000
-9999.0 0.920000 0.880000 0.910000 0.890000 0.870000 0.850000 0.860000 0.870000 0.870000 0.880000 0.900000 0.900000 0.880000 0.860000 0.840000 0.840000 0.840000 0.830000 0.830000 0.920000 0.960000 0.950000 0.930000 0.910000 0.900000 0.900000 0.910000 0.900000 0.890000 0.860000 0.870000 0.870000 0.860000 0.870000 0.890000 0.910000 0.900000 0.910000 0.900000 0.850000 0.890000 0.900000 0.900000 0.880000 0.860000 0.860000 0.860000 0.860000 0.850000 0.830000 0.800000 0.810000 0.810000 0.840000 0.830000 0.840000 0.870000 0.880000 0.920000 0.930000 0.930000 0.920000
-9999.0 0.920000 0.900000 0.900000 0.890000 0.870000 0.850000 0.870000 0.870000 0.890000 0.910000 0.920000 0.920000 0.910000 0.860000 0.830000 0.830000 0.830000 0.890000 0.930000 0.940000 0.950000 0.940000 0.950000 0.950000 0.950000 0.950000 0.940000 0.930000 0.930000 0.900000 0.880000 0.870000 0.860000 0.860000 0.880000 0.910000 0.880000 0.910000 0.890000 0.870000 0.880000 0.900000 0.910000 0.900000 0.890000 0.880000 0.880000 0.890000 0.890000 0.890000 0.890000 0.880000 0.880000 0.870000 0.850000 0.860000 0.880000 0.910000 0.930000 0.920000 0.910000 0.900000
-9999.0 0.900000 0.900000 0.890000 0.860000 0.840000 0.860000 0.870000 0.870000 0.860000 0.900000 0.900000 0.910000 0.950000 0.940000 0.930000 0.930000 0.920000 0.950000 0.960000 0.950000 0.940000 0.930000 0.940000 0.950000 0.950000 0.950000 0.950000 0.950000 0.940000 0.910000 0.870000 0.870000 0.830000 0.870000 0.890000 0.910000 0.880000 0.890000 0.870000 0.870000 0.890000 0.910000 0.900000 0.900000 0.900000 0.900000 0.900000 0.910000 0.910000 0.910000 0.920000 0.910000 0.900000 0.860000 0.860000 0.870000 0.870000 0.900000 0.920000 0.920000 0.890000 0.870000
-9999.0 0.860000 0.870000 0.850000 0.820000 0.850000 0.860000 0.880000 0.890000 0.880000 0.820000 0.870000 0.890000 0.920000 0.940000 0.940000 0.930000 0.920000 0.940000 0.930000 0.900000 0.900000 0.910000 0.910000 0.920000 0.910000 0.910000 0.900000 0.890000 0.870000 0.850000 0.840000 0.830000 0.860000 0.870000 0.890000 0.900000 0.890000 0.880000 0.860000 0.880000 0.890000 0.900000 0.900000 0.910000 0.910000 0.910000 0.910000 0.930000 0.920000 0.910000 0.910000 0.900000 0.900000 0.870000 0.860000 0.850000 0.860000 0.890000 0.900000 0.910000 0.900000 0.880000
-9999.0 0.880000 0.900000 0.890000 0.870000 0.900000 0.920000 0.930000 0.940000 0.930000 0.910000 0.920000 0.890000 0.900000 0.870000 0.880000 0.850000 0.840000 0.920000 0.920000 0.870000 0.860000 0.870000 0.860000 0.880000 0.890000 0.880000 0.880000 0.870000 0.870000 0.850000 0.820000 0.840000 0.850000 0.870000 0.880000 0.880000 0.920000 0.940000 0.930000 0.930000 0.940000 0.940000 0.950000 0.950000 0.950000 0.930000 0.920000 0.910000 0.910000 0.900000 0.880000 0.880000 0.880000 0.870000 0.870000 0.850000 0.880000 0.900000 0.910000 0.900000 0.890000 0.860000
-9999.0 0.930000 0.930000 0.930000 0.930000 0.940000 0.950000 0.940000 0.940000 0.950000 0.960000 0.950000 0.930000 0.910000 0.870000 0.860000 0.870000 0.880000 0.940000 0.920000 0.820000 0.830000 0.880000 0.850000 0.850000 0.840000 0.840000 0.850000 0.840000 0.820000 0.830000 0.840000 0.850000 0.850000 0.850000 0.850000 0.870000 0.900000 0.950000 0.970000 0.950000 0.940000 0.930000 0.930000 0.920000 0.910000 0.910000 0.900000 0.890000 0.890000 0.890000 0.870000 0.870000 0.880000 0.880000 0.880000 0.870000 0.890000 0.900000 0.900000 0.880000 0.880000 0.860000
-9999.0 0.930000 0.920000 0.900000 0.900000 0.900000 0.900000 0.890000 0.900000 0.910000 0.930000 0.920000 0.940000 0.930000 0.940000 0.940000 0.950000 0.940000 0.960000 0.960000 0.920000 0.890000 0.880000 0.860000 0.850000 0.840000 0.880000 0.880000 0.860000 0.840000 0.830000 0.840000 0.860000 0.860000 0.860000 0.830000 0.810000 0.840000 0.850000 0.940000 0.890000 0.880000 0.890000 0.850000 0.840000 0.850000 0.870000 0.870000 0.870000 0.870000 0.870000 0.860000 0.880000 0.890000 0.880000 0.880000 0.880000 0.890000 0.890000 0.880000 0.880000 0.870000 0.850000
-9999.0 0.880000 0.890000 0.880000 0.870000 0.890000 0.900000 0.890000 0.900000 0.900000 0.900000 0.910000 0.920000 0.930000 0.930000 0.930000 0.930000 0.900000 0.930000 0.960000 0.960000 0.960000 0.960000 0.940000 0.910000 0.860000 0.850000 0.850000 0.850000 0.830000 0.830000 0.840000 0.850000 0.850000 0.870000 0.890000 0.890000 0.910000 0.940000 0.950000 0.940000 0.930000 0.890000 0.840000 0.840000 0.860000 0.870000 0.850000 0.870000 0.880000 0.870000 0.890000 0.900000 0.890000 0.890000 0.890000 0.890000 0.890000 0.890000 0.880000 0.870000 0.840000 0.820000
-9999.0 0.860000 0.880000 0.880000 0.890000 0.890000 0.900000 0.890000 0.900000 0.910000 0.890000 0.890000 0.910000 0.900000 0.890000 0.890000 0.920000 0.880000 0.920000 0.950000 0.930000 0.930000 0.900000 0.940000 0.970000 0.950000 0.930000 0.920000 0.910000 0.900000 0.900000 0.910000 0.920000 0.930000 0.950000 0.960000 0.950000 0.930000 0.950000 0.960000 0.950000 0.970000 0.960000 0.920000 0.880000 0.870000 0.860000 0.850000 0.860000 0.880000 0.870000 0.890000 0.890000 0.890000 0.890000 0.880000 0.890000 0.890000 0.890000 0.860000 0.830000 0.850000 0.840000
-9999.0 0.850000 0.860000 0.850000 0.880000 0.890000 0.880000 0.900000 0.900000 0.890000 0.900000 0.920000 0.920000 0.890000 0.880000 0.890000 0.900000 0.910000 0.920000 0.960000 0.950000 0.930000 0.910000 0.870000 0.950000 0.960000 0.950000 0.970000 0.970000 0.960000 0.970000 0.970000 0.950000 0.940000 0.920000 0.900000 0.870000 0.850000 0.890000 0.930000 0.950000 0.950000 0.960000 0.970000 0.960000 0.950000 0.900000 0.850000 0.860000 0.880000 0.880000 0.890000 0.870000 0.880000 0.880000 0.880000 0.880000 0.880000 0.880000 0.870000 0.870000 0.890000 0.880000
-9999.0 0.860000 0.870000 0.860000 0.830000 0.860000 0.880000 0.900000 0.880000 0.900000 0.900000 0.910000 0.910000 0.890000 0.860000 0.870000 0.890000 0.900000 0.920000 0.960000 0.930000 0.890000 0.910000 0.910000 0.950000 0.940000 0.880000 0.930000 0.950000 0.940000 0.890000 0.930000 0.950000 0.880000 0.850000 0.860000 0.840000 0.850000 0.850000 0.880000 0.900000 0.920000 0.920000 0.940000 0.960000 0.970000 0.950000 0.910000 0.900000 0.890000 0.890000 0.900000 0.890000 0.870000 0.870000 0.850000 0.870000 0.870000 0.870000 0.890000 0.900000 0.890000 0.890000
-9999.0 0.900000 0.890000 0.880000 0.880000 0.850000 0.880000 0.870000 0.890000 0.900000 0.890000 0.900000 0.900000 0.890000 0.860000 0.860000 0.870000 0.860000 0.910000 0.950000 0.910000 0.890000 0.890000 0.920000 0.940000 0.950000 0.900000 0.930000 0.910000 0.910000 0.860000 0.940000 0.960000 0.900000 0.880000 0.830000 0.830000 0.850000 0.870000 0.900000 0.900000 0.910000 0.890000 0.890000 0.940000 0.960000 0.960000 0.950000 0.950000 0.920000 0.920000 0.920000 0.910000 0.880000 0.870000 0.840000 0.860000 0.870000 0.850000 0.880000 0.880000 0.870000 0.890000
-9999.0 0.930000 0.930000 0.920000 0.900000 0.870000 0.860000 0.840000 0.890000 0.880000 0.890000 0.900000 0.900000 0.870000 0.870000 0.860000 0.860000 0.870000 0.940000 0.950000 0.900000 0.850000 0.890000 0.910000 0.910000 0.950000 0.940000 0.900000 0.880000 0.850000 0.900000 0.960000 0.930000 0.900000 0.880000 0.860000 0.860000 0.840000 0.860000 0.870000 0.890000 0.900000 0.860000 0.870000 0.920000 0.950000 0.940000 0.950000 0.960000 0.950000 0.910000 0.890000 0.910000 0.900000 0.880000 0.840000 0.840000 0.860000 0.860000 0.880000 0.870000 0.870000 0.890000
-9999.0 0.940000 0.940000 0.930000 0.920000 0.890000 0.880000 0.880000 0.880000 0.870000 0.880000 0.900000 0.880000 0.880000 0.860000 0.860000 0.860000 0.900000 0.950000 0.940000 0.890000 0.860000 0.900000 0.880000 0.910000 0.950000 0.950000 0.900000 0.840000 0.880000 0.920000 0.960000 0.910000 0.880000 0.860000 0.860000 0.870000 0.830000 0.860000 0.860000 0.870000 0.850000 0.830000 0.840000 0.940000 0.960000 0.900000 0.930000 0.930000 0.950000 0.930000 0.900000 0.880000 0.890000 0.880000 0.850000 0.830000 0.860000 0.860000 0.860000 0.880000 0.890000 0.910000
-9999.0 0.930000 0.910000 0.920000 0.920000 0.910000 0.890000 0.880000 0.880000 0.860000 0.870000 0.890000 0.860000 0.880000 0.870000 0.870000 0.880000 0.910000 0.950000 0.940000 0.890000 0.880000 0.860000 0.880000 0.910000 0.920000 0.920000 0.890000 0.810000 0.860000 0.920000 0.960000 0.900000 0.880000 0.840000 0.840000 0.880000 0.870000 0.830000 0.870000 0.840000 0.860000 0.840000 0.910000 0.960000 0.940000 0.930000 0.910000 0.900000 0.920000 0.940000 0.920000 0.880000 0.870000 0.870000 0.860000 0.830000 0.850000 0.860000 0.860000 0.890000 0.900000 0.930000
