inst/template/friuli/input_maps_250m/slope.asc
ncols         73
nrows         61
xllcorner     793250.000000
yllcorner     5154750.000000
cellsize      250.000000
NODATA_value  -9999.0
[rows 27 to 53 of 61, columns 0 to 59 of 73]
-9999.0 14.670000 16.430000 13.770000 15.150000 18.120000 20.800000 10.750000 5.980000 23.270000 28.950000 26.130000 21.740000 29.100000 30.410000 34.450000 33.690000 28.280000 16.010000 22.320000 29.000000 19.570000 28.730000 30.320000 27.550000 28.360000 29.070000 32.590000 11.340000 31.510000 23.460000 12.080000 25.930000 25.330000 23.170000 17.060000 17.070000 30.100000 16.170000 24.010000 18.160000 26.910000 34.500000 27.400000 12.720000 25.320000 23.180000 22.180000 21.120000 28.610000 19.500000 27.340000 36.900000 32.160000 28.490000 29.750000 19.070000 10.210000 25.530000 30.670000
-9999.0 16.200000 16.250000 16.670000 13.810000 14.690000 15.240000 14.830000 7.640000 10.430000 25.280000 20.960000 23.630000 29.920000 30.690000 29.480000 31.800000 36.150000 26.510000 19.600000 26.100000 28.090000 20.090000 31.680000 34.900000 34.980000 37.790000 33.600000 14.110000 33.750000 22.820000 4.420000 19.420000 23.370000 24.050000 21.570000 26.670000 32.350000 24.340000 18.840000 27.840000 28.170000 30.100000 21.190000 17.580000 22.740000 18.000000 15.690000 17.000000 16.300000 18.360000 22.320000 29.530000 30.400000 28.870000 30.480000 21.660000 5.370000 28.230000 33.880000
-9999.0 4.900000 7.570000 12.450000 15.710000 12.470000 7.700000 14.800000 15.000000 9.790000 19.300000 28.710000 27.090000 30.220000 30.750000 27.090000 33.250000 34.230000 29.300000 22.190000 26.530000 31.570000 16.000000 33.690000 35.880000 32.000000 22.860000 11.400000 30.750000 37.220000 27.650000 7.950000 14.470000 28.890000 33.180000 26.950000 23.720000 31.230000 16.950000 16.270000 28.720000 33.750000 31.840000 23.780000 17.290000 14.710000 17.730000 17.350000 17.810000 6.660000 11.140000 15.970000 22.740000 25.130000 25.520000 31.750000 24.870000 2.370000 27.610000 36.760000
-9999.0 13.290000 13.190000 15.020000 16.290000 20.710000 16.080000 13.150000 16.650000 15.370000 7.240000 26.430000 31.440000 29.810000 35.590000 33.280000 27.210000 36.980000 28.170000 24.460000 30.500000 35.590000 21.590000 13.800000 13.950000 19.400000 23.770000 29.090000 33.810000 30.030000 18.200000 14.700000 17.690000 15.510000 24.720000 28.250000 32.620000 33.050000 30.640000 10.170000 29.070000 32.670000 37.140000 28.260000 22.050000 16.080000 25.490000 22.810000 23.270000 11.650000 11.820000 10.730000 18.900000 27.100000 28.830000 31.150000 26.310000 6.970000 18.150000 35.680000
-9999.0 15.380000 19.420000 18.540000 19.000000 19.860000 19.170000 17.010000 15.720000 15.210000 14.330000 3.330000 29.350000 30.290000 28.480000 31.340000 25.490000 25.620000 25.970000 21.080000 33.670000 29.010000 12.750000 22.290000 25.830000 29.550000 28.510000 29.200000 26.550000 13.510000 17.370000 26.890000 6.890000 7.480000 25.420000 31.260000 30.900000 27.410000 27.070000 24.430000 16.950000 31.400000 29.490000 28.590000 24.940000 20.940000 27.610000 26.920000 25.640000 18.210000 15.890000 18.830000 21.430000 26.120000 29.220000 33.990000 25.950000 3.610000 16.400000 26.880000
-9999.0 24.670000 25.600000 25.420000 22.490000 20.020000 21.540000 21.860000 18.730000 16.510000 17.350000 12.260000 6.240000 25.740000 28.910000 26.050000 25.730000 24.580000 16.930000 25.440000 31.730000 10.040000 20.290000 27.410000 25.230000 26.670000 25.080000 22.770000 13.400000 8.100000 24.330000 24.940000 20.300000 26.090000 35.830000 34.030000 24.730000 22.690000 26.100000 25.640000 8.800000 30.570000 28.690000 27.490000 21.300000 23.350000 27.070000 32.620000 18.440000 26.520000 20.970000 27.680000 26.640000 28.940000 33.620000 31.660000 21.980000 4.040000 19.340000 24.750000
-9999.0 31.990000 31.310000 29.540000 27.310000 20.240000 20.210000 20.360000 18.510000 15.050000 18.420000 18.060000 4.530000 18.850000 27.460000 29.230000 26.930000 16.660000 13.690000 25.320000 26.590000 8.000000 24.870000 29.530000 29.150000 24.520000 14.590000 9.360000 12.920000 27.000000 24.020000 13.770000 23.440000 31.010000 25.400000 28.400000 29.410000 25.700000 18.570000 22.320000 5.210000 27.190000 26.980000 27.940000 25.760000 31.390000 31.770000 30.510000 16.010000 23.700000 25.110000 27.350000 23.920000 31.680000 31.430000 26.070000 16.590000 4.240000 12.310000 22.820000
-9999.0 33.280000 36.090000 31.690000 31.020000 27.530000 22.030000 22.460000 21.480000 17.280000 17.570000 13.590000 11.430000 12.660000 33.710000 31.640000 29.530000 22.990000 22.000000 29.040000 13.200000 29.250000 25.640000 23.280000 26.140000 20.010000 19.920000 12.330000 20.660000 30.630000 24.750000 10.970000 20.100000 26.480000 30.370000 19.980000 20.960000 17.820000 20.420000 28.750000 25.030000 16.000000 25.830000 23.550000 29.690000 33.230000 29.950000 22.020000 27.040000 27.250000 26.920000 26.150000 24.340000 26.620000 22.470000 19.550000 9.330000 3.480000 5.350000 12.330000
-9999.0 12.820000 20.160000 32.580000 31.870000 26.280000 24.820000 23.270000 24.140000 21.520000 19.650000 17.160000 11.270000 1.500000 27.390000 31.610000 31.300000 30.740000 28.030000 29.660000 17.330000 31.600000 23.740000 19.410000 15.010000 19.020000 28.450000 26.460000 25.100000 28.030000 19.650000 14.820000 23.890000 27.860000 22.780000 29.380000 18.310000 25.960000 27.080000 27.260000 25.410000 7.610000 18.870000 24.320000 28.920000 27.370000 24.520000 16.280000 21.750000 27.350000 27.990000 25.410000 24.790000 20.010000 20.200000 16.050000 6.000000 3.200000 1.730000 2.390000
-9999.0 22.590000 18.980000 17.280000 24.320000 23.540000 23.700000 28.160000 25.890000 22.940000 19.820000 20.040000 16.970000 6.310000 15.290000 23.410000 21.050000 22.320000 24.180000 19.500000 30.090000 29.150000 29.340000 26.020000 24.360000 29.550000 25.330000 29.920000 27.450000 22.540000 18.270000 23.880000 29.800000 25.170000 24.130000 26.250000 30.230000 32.520000 28.220000 25.120000 19.870000 14.170000 20.430000 20.870000 24.160000 19.980000 16.690000 10.610000 16.320000 19.520000 22.970000 17.250000 22.360000 19.440000 19.170000 11.950000 2.930000 3.280000 4.360000 7.520000
-9999.0 28.650000 25.610000 16.390000 19.420000 20.220000 22.170000 27.060000 22.060000 19.260000 22.830000 23.960000 21.950000 13.460000 11.250000 22.690000 14.610000 8.260000 13.670000 11.050000 22.000000 24.250000 26.580000 28.280000 29.280000 31.660000 27.930000 30.780000 30.180000 24.620000 21.930000 27.630000 25.760000 25.060000 26.410000 23.630000 29.240000 25.540000 25.320000 20.580000 20.480000 14.170000 9.810000 12.160000 8.930000 17.070000 15.310000 14.420000 20.170000 17.380000 16.110000 13.960000 15.330000 16.550000 12.170000 3.350000 1.470000 3.750000 10.470000 13.240000
-9999.0 25.820000 26.180000 20.120000 19.640000 20.370000 13.390000 15.510000 22.600000 21.740000 18.440000 21.480000 25.350000 22.480000 6.820000 24.740000 23.380000 8.070000 8.040000 13.420000 18.970000 15.800000 17.280000 22.640000 23.480000 23.890000 24.960000 30.050000 29.050000 25.800000 24.670000 25.230000 22.400000 24.050000 24.140000 23.320000 22.340000 21.580000 12.850000 6.270000 6.480000 8.200000 9.660000 4.700000 7.650000 7.310000 7.570000 6.720000 4.790000 5.260000 9.500000 10.520000 6.760000 7.740000 3.370000 1.500000 2.240000 12.920000 18.750000 26.530000
-9999.0 27.120000 29.090000 29.080000 27.330000 28.850000 15.680000 10.820000 13.180000 21.540000 20.000000 20.740000 20.950000 23.940000 11.490000 15.870000 21.550000 14.940000 12.520000 18.420000 21.870000 10.990000 14.580000 17.090000 21.770000 19.350000 20.800000 24.140000 25.120000 22.720000 25.830000 24.070000 22.040000 19.070000 13.160000 10.470000 10.240000 1.000000 15.780000 18.630000 7.430000 9.390000 9.130000 13.060000 15.370000 27.070000 21.970000 25.820000 25.440000 21.580000 14.810000 5.180000 1.380000 1.250000 2.050000 1.970000 6.630000 16.880000 28.650000 31.990000
-9999.0 30.830000 31.240000 37.330000 39.640000 28.980000 18.260000 14.830000 14.150000 16.430000 24.700000 24.380000 21.350000 21.420000 6.070000 15.010000 14.140000 17.500000 6.070000 21.590000 22.640000 19.680000 19.800000 20.910000 23.270000 21.780000 19.770000 21.080000 19.860000 15.540000 14.710000 9.590000 2.080000 8.390000 13.300000 20.450000 18.340000 17.010000 16.250000 18.010000 16.100000 17.650000 16.370000 23.070000 28.100000 30.260000 33.940000 29.310000 25.000000 21.890000 22.030000 14.680000 6.090000 3.880000 1.990000 3.010000 9.910000 26.300000 30.660000 24.600000
-9999.0 25.940000 28.600000 32.580000 36.220000 27.550000 24.080000 15.500000 13.290000 17.660000 24.620000 25.020000 22.740000 16.490000 2.850000 7.260000 9.600000 15.020000 15.870000 7.910000 20.650000 21.390000 19.480000 19.570000 15.370000 12.950000 7.680000 8.680000 7.830000 5.610000 8.450000 16.390000 21.180000 25.690000 23.260000 21.840000 24.680000 15.160000 1.590000 14.400000 21.870000 22.780000 28.070000 25.880000 26.830000 22.730000 27.810000 21.220000 19.480000 20.280000 22.540000 14.160000 3.580000 3.640000 2.340000 6.690000 18.590000 24.940000 23.170000 24.300000
-9999.0 19.530000 24.850000 24.330000 24.710000 23.020000 26.160000 16.240000 16.900000 18.930000 22.820000 19.220000 19.370000 15.660000 0.460000 9.890000 7.930000 11.360000 5.060000 1.040000 3.110000 7.450000 5.990000 4.600000 5.920000 11.240000 14.410000 7.930000 12.300000 16.510000 22.970000 25.470000 29.110000 29.380000 30.710000 24.950000 18.410000 18.970000 11.260000 21.810000 34.450000 27.400000 32.060000 26.360000 26.840000 21.880000 19.840000 26.860000 24.440000 23.830000 23.260000 10.900000 3.930000 2.720000 0.700000 11.510000 24.430000 28.840000 27.760000 21.190000
-9999.0 21.340000 23.400000 23.350000 18.180000 20.720000 25.030000 18.360000 18.660000 23.460000 21.880000 21.960000 25.040000 14.380000 1.650000 5.570000 11.720000 15.560000 11.290000 10.920000 16.190000 15.400000 18.170000 14.750000 17.620000 24.030000 19.290000 13.390000 16.670000 21.680000 30.300000 32.140000 33.590000 29.760000 25.640000 25.620000 26.410000 23.370000 31.100000 32.260000 29.270000 27.330000 28.300000 24.840000 17.050000 15.140000 20.260000 29.570000 29.490000 27.260000 20.420000 8.720000 2.710000 0.240000 3.950000 16.800000 27.380000 31.700000 28.640000 27.000000
-9999.0 18.470000 16.580000 16.800000 15.740000 22.040000 22.600000 23.740000 22.480000 26.960000 20.610000 21.730000 21.100000 7.820000 3.980000 7.630000 13.740000 15.010000 13.950000 11.570000 10.460000 16.910000 15.660000 14.550000 18.510000 28.270000 24.700000 22.720000 11.000000 23.510000 24.910000 18.120000 19.630000 12.480000 23.220000 25.220000 24.320000 30.950000 26.380000 18.610000 9.150000 6.120000 5.950000 10.590000 8.300000 12.140000 20.810000 27.780000 30.630000 28.190000 20.680000 9.350000 1.920000 0.000000 7.030000 20.710000 30.100000 33.850000 29.210000 22.280000
-9999.0 4.240000 4.540000 7.590000 10.660000 18.700000 22.840000 24.110000 22.270000 17.420000 14.410000 20.610000 15.660000 4.380000 11.130000 14.980000 11.070000 11.900000 13.630000 16.440000 17.110000 19.960000 26.640000 26.060000 25.560000 25.390000 29.260000 31.250000 18.890000 18.560000 19.650000 16.470000 27.440000 18.030000 22.110000 29.150000 29.230000 16.310000 11.010000 5.880000 4.390000 10.030000 12.560000 14.110000 20.010000 21.620000 21.440000 26.910000 27.190000 22.250000 19.880000 13.180000 2.820000 0.000000 9.090000 24.360000 33.630000 31.800000 21.540000 18.430000
-9999.0 11.630000 14.530000 6.090000 0.620000 0.730000 11.230000 17.450000 18.450000 14.950000 17.340000 15.930000 6.640000 10.640000 17.250000 14.290000 15.530000 18.750000 15.350000 17.590000 23.850000 30.190000 30.370000 31.320000 28.920000 24.440000 26.500000 31.000000 24.440000 20.790000 26.560000 33.330000 33.860000 26.010000 25.400000 28.230000 20.080000 15.330000 11.400000 8.510000 8.560000 8.980000 21.090000 24.900000 26.430000 23.280000 23.870000 24.120000 21.570000 21.580000 15.840000 13.710000 9.220000 0.000000 7.180000 23.560000 35.420000 30.890000 19.860000 22.010000
-9999.0 20.370000 21.780000 19.170000 15.950000 18.540000 18.850000 10.790000 1.430000 8.140000 9.510000 7.150000 3.430000 14.150000 15.300000 12.900000 13.090000 10.150000 10.900000 21.880000 26.520000 24.040000 19.170000 24.110000 33.850000 34.570000 24.420000 28.030000 30.890000 22.560000 34.350000 32.180000 29.360000 18.300000 15.830000 20.560000 18.660000 15.290000 14.120000 19.720000 20.900000 27.630000 21.490000 11.920000 12.810000 18.500000 26.980000 24.240000 24.950000 21.390000 15.390000 8.610000 9.200000 5.060000 5.150000 21.890000 30.830000 27.600000 21.250000 23.370000
-9999.0 26.960000 17.640000 15.050000 16.240000 21.060000 21.570000 24.120000 20.520000 12.220000 4.710000 1.940000 7.880000 15.340000 14.920000 11.120000 11.510000 11.250000 10.320000 16.970000 22.770000 21.160000 27.500000 28.060000 22.780000 25.090000 18.140000 25.160000 29.180000 31.420000 32.110000 31.590000 19.200000 3.290000 16.460000 22.530000 13.090000 9.390000 16.270000 23.270000 24.930000 29.260000 37.480000 33.180000 28.780000 30.270000 21.100000 17.650000 20.840000 13.250000 10.750000 7.370000 6.050000 5.300000 2.650000 20.040000 30.920000 27.450000 22.340000 19.490000
-9999.0 24.920000 22.760000 12.000000 8.910000 11.960000 10.880000 16.790000 18.620000 20.450000 10.800000 0.000000 8.160000 17.970000 14.420000 7.340000 9.770000 11.840000 9.250000 18.220000 19.390000 18.120000 27.820000 30.290000 22.120000 15.510000 8.030000 16.620000 23.390000 27.100000 24.830000 19.410000 6.890000 11.330000 10.600000 14.140000 15.920000 9.900000 10.490000 7.200000 7.570000 15.020000 23.540000 26.570000 31.900000 31.600000 29.120000 26.860000 18.460000 13.620000 12.180000 10.490000 4.550000 0.710000 0.000000 16.600000 33.240000 30.290000 24.530000 23.360000
-9999.0 26.470000 22.740000 23.080000 13.300000 13.040000 10.840000 13.480000 16.160000 18.370000 17.650000 3.770000 5.460000 18.590000 15.580000 5.530000 6.580000 11.380000 20.940000 24.580000 22.870000 24.030000 21.850000 24.030000 22.750000 16.580000 15.160000 7.250000 8.440000 14.670000 10.500000 16.060000 3.820000 9.150000 14.140000 19.480000 20.090000 15.460000 6.860000 20.180000 18.460000 21.170000 13.010000 27.730000 23.840000 23.370000 31.210000 29.900000 22.070000 25.400000 23.700000 24.000000 13.990000 2.210000 0.140000 6.880000 23.370000 33.910000 28.760000 30.780000
-9999.0 29.020000 31.630000 32.080000 28.880000 8.240000 9.360000 15.160000 14.830000 12.830000 17.130000 10.960000 5.330000 18.480000 15.310000 11.140000 11.850000 10.120000 21.000000 23.860000 22.160000 21.830000 18.810000 14.170000 15.170000 19.940000 24.930000 25.100000 20.080000 9.710000 7.200000 15.760000 7.230000 4.330000 7.110000 11.190000 16.680000 19.630000 25.410000 19.890000 20.980000 24.650000 20.470000 14.900000 20.500000 31.660000 39.600000 14.070000 30.660000 22.800000 24.410000 25.770000 23.960000 12.210000 0.250000 4.620000 8.800000 22.460000 26.790000 20.480000
-9999.0 33.190000 27.910000 27.430000 26.300000 17.690000 16.990000 13.550000 11.590000 13.840000 18.170000 11.110000 1.040000 12.230000 15.920000 16.210000 15.070000 9.790000 20.390000 23.580000 22.710000 22.030000 17.260000 14.460000 18.130000 22.700000 25.740000 27.980000 32.630000 29.120000 26.200000 20.710000 13.730000 13.090000 10.040000 14.470000 20.690000 19.460000 23.830000 30.440000 23.850000 16.970000 30.950000 25.870000 32.140000 40.620000 16.120000 31.420000 27.210000 25.910000 28.430000 27.090000 29.930000 26.940000 9.620000 4.650000 7.640000 7.790000 19.740000 19.600000
-9999.0 21.250000 18.700000 17.960000 23.290000 29.020000 19.430000 6.610000 10.140000 12.430000 16.510000 12.110000 2.060000 10.310000 17.730000 13.490000 12.800000 14.390000 19.450000 20.410000 22.120000 22.810000 21.320000 22.360000 23.880000 27.340000 27.770000 26.570000 25.280000 22.740000 21.220000 34.240000 30.030000 19.730000 20.210000 22.370000 28.910000 31.050000 26.900000 28.480000 36.830000 30.890000 19.780000 26.360000 28.110000 11.080000 25.770000 29.370000 24.070000 23.760000 29.360000 26.930000 25.220000 28.910000 21.580000 2.760000 6.490000 8.150000 13.900000 21.790000
