inst/template/friuli/input_maps_250m/slope.asc
ncols         73
nrows         61
xllcorner     793250.000000
yllcorner     5154750.000000
cellsize      250.000000
NODATA_value  -9999.0
[rows 0 to 26 of 61, columns 0 to 59 of 73]
-9999.0 -9999.0 -9999.0 -9999.0 -9999.0 -9999.0 -9999.0 -9999.0 -9999.0 -9999.0 -9999.0 -9999.0 -9999.0 -9999.0 -9999.0 -9999.0 -9999.0 -9999.0 -9999.0 -9999.0 -9999.0 -9999.0 -9999.0 -9999.0 -9999.0 -9999.0 -9999.0 -9999.0 -9999.0 -9999.0 -9999.0 -9999.0 -9999.0 -9999.0 -9999.0 -9999.0 -9999.0 -9999.0 -9999.0 -9999.0 -9999.0 -9999.0 -9999.0 -9999.0 -9999.0 -9999.0 -9999.0 -9999.0 -9999.0 -9999.0 -9999.0 -9999.0 -9999.0 -9999.0 -9999.0 -9999.0 -9999.0 -9999.0 -9999.0 -9999.0
-9999.0 -9999.0 -9999.0 -9999.0 -9999.0 -9999.0 -9999.0 -9999.0 -9999.0 -9999.0 -9999.0 -9999.0 -9999.0 -9999.0 -9999.0 -9999.0 -9999.0 -9999.0 -9999.0 -9999.0 -9999.0 -9999.0 -9999.0 -9999.0 -9999.0 -9999.0 -9999.0 -9999.0 -9999.0 -9999.0 -9999.0 -9999.0 -9999.0 -9999.0 -9999.0 -9999.0 -9999.0 -9999.0 -9999.0 -9999.0 -9999.0 -9999.0 -9999.0 -9999.0 -9999.0 -9999.0 -9999.0 -9999.0 -9999.0 -9999.0 -9999.0 -9999.0 -9999.0 -9999.0 -9999.0 -9999.0 -9999.0 -9999.0 -9999.0 -9999.0
-9999.0 -9999.0 -9999.0 -9999.0 -9999.0 -9999.0 -9999.0 -9999.0 -9999.0 -9999.0 -9999.0 -9999.0 -9999.0 -9999.0 -9999.0 -9999.0 -9999.0 -9999.0 -9999.0 -9999.0 -9999.0 -9999.0 -9999.0 -9999.0 -9999.0 -9999.0 -9999.0 -9999.0 -9999.0 -9999.0 -9999.0 -9999.0 -9999.0 -9999.0 -9999.0 -9999.0 -9999.0 -9999.0 -9999.0 -9999.0 -9999.0 -9999.0 -9999.0 -9999.0 -9999.0 -9999.0 -9999.0 -9999.0 -9999.0 -9999.0 -9999.0 -9999.0 -9999.0 -9999.0 -9999.0 -9999.0 -9999.0 -9999.0 -9999.0 -9999.0
-9999.0 -9999.0 -9999.0 -9999.0 -9999.0 -9999.0 -9999.0 -9999.0 -9999.0 -9999.0 -9999.0 -9999.0 -9999.0 -9999.0 -9999.0 -9999.0 -9999.0 -9999.0 -9999.0 -9999.0 -9999.0 -9999.0 -9999.0 -9999.0 -9999.0 -9999.0 -9999.0 -9999.0 -9999.0 -9999.0 -9999.0 -9999.0 -9999.0 -9999.0 -9999.0 -9999.0 -9999.0 -9999.0 -9999.0 -9999.0 -9999.0 -9999.0 -9999.0 -9999.0 -9999.0 -9999.0 -9999.0 -9999.0 -9999.0 -9999.0 -9999.0 -9999.0 -9999.0 -9999.0 -9999.0 -9999.0 -9999.0 -9999.0 -9999.0 -9999.0
-9999.0 -9999.0 -9999.0 -9999.0 -9999.0 -9999.0 -9999.0 -9999.0 -9999.0 -9999.0 -9999.0 -9999.0 -9999.0 -9999.0 -9999.0 -9999.0 -9999.0 -9999.0 -9999.0 -9999.0 24.620000 31.130000 -9999.0 -9999.0 34.310000 31.870000 41.700000 38.290000 28.840000 32.490000 33.750000 40.520000 -9999.0 -9999.0 -9999.0 -9999.0 -9999.0 -9999.0 -9999.0 -9999.0 -9999.0 -9999.0 -9999.0 -9999.0 -9999.0 -9999.0 -9999.0 -9999.0 -9999.0 -9999.0 -9999.0 -9999.0 -9999.0 -9999.0 -9999.0 -9999.0 -9999.0 -9999.0 -9999.0 -9999.0
-9999.0 38.520000 -9999.0 -9999.0 -9999.0 -9999.0 -9999.0 -9999.0 -9999.0 -9999.0 40.100000 41.580000 19.310000 46.400000 39.330000 42.640000 -9999.0 -9999.0 -9999.0 23.460000 6.330000 25.980000 38.530000 46.600000 43.180000 41.920000 38.710000 40.530000 33.280000 18.000000 12.270000 17.710000 24.980000 32.820000 -9999.0 -9999.0 -9999.0 -9999.0 16.650000 16.720000 21.350000 13.540000 -9999.0 -9999.0 -9999.0 -9999.0 -9999.0 -9999.0 -9999.0 -9999.0 -9999.0 -9999.0 -9999.0 -9999.0 -9999.0 -9999.0 -9999.0 -9999.0 -9999.0 -9999.0
-9999.0 32.120000 34.150000 39.780000 -9999.0 -9999.0 -9999.0 -9999.0 -9999.0 41.070000 39.270000 36.940000 33.090000 38.270000 49.950000 38.970000 21.350000 35.680000 31.840000 28.190000 28.740000 32.220000 25.540000 30.950000 38.250000 42.170000 41.220000 34.210000 19.700000 8.470000 9.380000 13.890000 25.440000 28.430000 11.470000 26.340000 -9999.0 40.630000 32.520000 33.440000 26.440000 29.640000 25.470000 14.980000 18.120000 -9999.0 -9999.0 -9999.0 -9999.0 -9999.0 16.660000 10.950000 8.980000 28.900000 -9999.0 -9999.0 30.820000 16.560000 17.690000 21.260000
-9999.0 27.410000 27.880000 20.770000 22.880000 42.780000 49.260000 49.460000 47.820000 42.040000 38.410000 42.520000 28.670000 34.370000 42.500000 37.310000 35.280000 24.160000 25.120000 16.220000 23.550000 30.920000 23.210000 19.350000 19.890000 28.580000 33.050000 25.560000 17.300000 20.770000 31.450000 33.620000 32.150000 28.130000 22.890000 26.860000 41.650000 43.160000 44.310000 44.780000 40.850000 36.930000 27.800000 22.230000 24.950000 23.560000 19.540000 19.280000 12.900000 18.100000 14.980000 24.310000 32.010000 34.440000 27.080000 27.670000 31.960000 35.760000 29.800000 30.510000
-9999.0 23.590000 27.900000 19.160000 12.000000 19.360000 40.380000 46.940000 52.180000 48.010000 47.590000 49.430000 28.950000 40.540000 39.320000 24.590000 31.570000 18.410000 17.800000 4.870000 22.640000 18.270000 17.030000 13.640000 23.110000 19.840000 13.030000 9.820000 10.560000 27.760000 31.440000 23.990000 22.760000 24.910000 27.970000 27.760000 30.900000 34.360000 39.630000 39.530000 42.820000 40.730000 38.000000 37.800000 31.110000 25.320000 23.550000 19.900000 20.740000 21.790000 27.970000 18.020000 9.250000 30.460000 28.580000 38.270000 48.430000 48.430000 46.080000 38.390000
-9999.0 21.030000 29.230000 21.820000 20.570000 23.700000 28.930000 40.390000 41.700000 44.660000 46.360000 38.870000 29.890000 49.190000 43.430000 32.010000 30.420000 25.980000 16.300000 18.830000 21.730000 25.380000 9.410000 13.120000 18.380000 11.500000 11.640000 18.540000 20.710000 27.740000 24.350000 15.810000 18.340000 25.830000 25.770000 18.440000 10.690000 17.670000 22.990000 22.360000 28.810000 35.310000 39.870000 38.490000 37.400000 23.330000 24.800000 22.880000 33.440000 41.580000 50.810000 49.290000 46.850000 42.800000 45.110000 46.560000 47.860000 43.510000 44.040000 32.660000
-9999.0 20.760000 30.570000 22.270000 23.250000 32.120000 30.480000 29.030000 28.990000 28.940000 21.450000 22.350000 40.480000 37.980000 45.940000 42.540000 29.340000 28.360000 23.050000 29.500000 18.470000 16.690000 22.550000 19.150000 12.800000 6.520000 2.460000 21.830000 30.180000 27.900000 22.330000 15.000000 19.220000 22.280000 23.100000 22.690000 20.060000 12.640000 12.030000 8.730000 3.460000 6.000000 8.440000 12.070000 32.800000 37.620000 31.360000 40.840000 46.300000 44.330000 51.400000 60.040000 56.530000 54.830000 55.450000 54.120000 43.410000 35.420000 21.720000 21.660000
-9999.0 20.490000 21.270000 25.460000 23.820000 30.130000 29.740000 23.040000 16.930000 5.180000 14.850000 22.790000 20.030000 29.290000 32.340000 35.690000 31.480000 22.130000 27.540000 25.160000 18.760000 6.160000 28.340000 21.140000 7.650000 12.530000 26.140000 27.620000 20.110000 24.500000 15.760000 12.740000 22.360000 23.130000 2.980000 27.920000 29.610000 28.940000 33.290000 30.870000 26.590000 25.440000 26.040000 24.580000 15.660000 18.430000 32.880000 37.970000 32.830000 27.480000 31.810000 38.260000 38.720000 47.360000 48.530000 40.350000 33.370000 23.420000 24.610000 20.130000
-9999.0 21.020000 8.660000 28.470000 27.140000 29.950000 27.370000 8.930000 9.990000 22.020000 30.810000 29.580000 25.680000 13.260000 13.540000 24.100000 26.760000 27.340000 24.560000 25.270000 30.270000 6.950000 26.830000 27.730000 26.210000 19.490000 12.250000 6.880000 9.760000 16.280000 18.640000 18.360000 27.480000 20.380000 16.410000 21.670000 22.410000 28.850000 29.850000 34.430000 24.690000 30.660000 31.590000 32.370000 32.160000 27.290000 18.820000 10.600000 11.130000 9.260000 6.400000 0.430000 5.610000 11.750000 18.710000 26.600000 22.160000 23.200000 24.730000 24.070000
-9999.0 20.980000 18.450000 23.230000 28.610000 25.130000 11.710000 13.670000 19.320000 26.680000 25.890000 18.910000 23.420000 27.250000 22.770000 7.790000 10.320000 13.430000 23.580000 33.460000 26.870000 10.550000 11.460000 21.240000 24.230000 24.530000 26.890000 25.300000 23.930000 28.860000 29.990000 24.270000 26.890000 13.040000 19.470000 20.910000 22.120000 19.710000 22.340000 25.890000 26.960000 25.300000 25.260000 25.920000 30.660000 30.040000 31.900000 28.610000 28.430000 25.160000 23.670000 23.480000 19.560000 17.140000 4.850000 17.670000 28.150000 27.200000 25.880000 20.880000
-9999.0 23.550000 21.850000 23.430000 23.440000 10.070000 13.370000 20.420000 20.770000 23.190000 18.830000 19.960000 19.750000 24.350000 27.600000 30.090000 27.990000 33.500000 30.810000 14.820000 13.900000 18.160000 20.830000 15.640000 6.840000 10.160000 14.340000 15.810000 17.980000 20.100000 31.150000 35.210000 33.400000 12.840000 25.080000 27.560000 22.000000 22.710000 20.840000 18.750000 29.420000 26.640000 26.790000 19.860000 24.990000 30.860000 29.680000 26.300000 24.910000 20.850000 20.360000 21.870000 19.860000 21.640000 17.030000 10.710000 30.110000 27.130000 20.690000 12.550000
-9999.0 33.770000 28.830000 21.980000 3.950000 21.520000 28.470000 22.880000 24.000000 14.910000 22.720000 27.260000 29.350000 16.500000 11.750000 15.490000 15.150000 16.040000 8.190000 2.070000 15.800000 22.830000 22.050000 18.430000 14.310000 16.820000 12.020000 12.820000 14.320000 21.730000 30.250000 34.140000 33.490000 12.140000 29.950000 25.960000 22.800000 32.920000 28.450000 30.500000 33.880000 30.120000 25.690000 26.800000 25.520000 25.970000 27.910000 25.640000 21.230000 20.300000 9.520000 5.180000 8.550000 19.280000 18.270000 13.990000 29.030000 31.120000 26.590000 19.510000
-9999.0 21.200000 9.650000 11.030000 30.080000 34.880000 29.470000 28.300000 29.490000 28.670000 16.720000 23.500000 32.230000 26.770000 20.440000 16.190000 14.170000 14.280000 11.290000 12.950000 17.760000 21.580000 23.030000 23.480000 23.920000 23.400000 26.990000 27.670000 29.900000 32.060000 34.560000 33.040000 15.560000 18.040000 25.000000 28.810000 25.630000 32.260000 33.500000 36.770000 33.150000 31.780000 24.640000 25.250000 28.730000 26.570000 25.240000 23.840000 15.570000 19.900000 17.060000 16.360000 18.050000 23.030000 24.280000 9.400000 29.770000 31.740000 27.840000 21.630000
-9999.0 15.710000 20.280000 26.950000 30.300000 25.910000 20.340000 17.070000 11.390000 16.260000 26.950000 18.650000 4.920000 14.830000 9.840000 8.390000 18.460000 33.250000 25.250000 28.600000 30.260000 16.320000 8.900000 9.870000 15.630000 19.000000 20.590000 19.820000 22.880000 26.310000 23.680000 12.820000 16.830000 20.800000 24.070000 24.810000 31.490000 27.280000 20.350000 27.270000 21.370000 20.240000 22.210000 16.430000 11.030000 17.080000 21.600000 25.500000 21.570000 19.650000 24.850000 24.930000 20.710000 19.580000 13.690000 3.360000 18.970000 27.510000 22.110000 20.160000
-9999.0 5.530000 11.220000 17.880000 18.340000 19.570000 16.470000 19.470000 22.390000 14.780000 6.050000 3.160000 17.190000 19.510000 26.350000 30.110000 34.420000 32.040000 16.890000 26.600000 38.640000 32.250000 30.400000 26.890000 22.830000 13.670000 16.100000 15.870000 16.890000 10.050000 13.230000 24.790000 29.680000 24.760000 21.960000 24.330000 28.720000 28.230000 19.520000 3.290000 16.730000 20.190000 17.660000 18.010000 22.200000 23.740000 22.980000 25.700000 25.550000 21.070000 22.970000 23.780000 14.660000 10.860000 7.650000 0.360000 13.670000 24.710000 19.250000 20.360000
-9999.0 21.440000 21.610000 28.500000 30.810000 30.720000 30.480000 29.870000 29.540000 28.670000 24.190000 19.140000 23.360000 21.900000 22.030000 17.510000 13.280000 16.940000 10.620000 6.190000 27.240000 33.830000 31.160000 35.140000 39.600000 35.210000 28.970000 29.690000 33.410000 32.880000 32.300000 33.470000 30.910000 29.940000 31.130000 30.060000 27.190000 24.710000 18.820000 3.840000 18.790000 17.280000 19.870000 18.990000 12.730000 11.420000 13.980000 18.290000 21.240000 22.780000 17.840000 14.900000 19.340000 19.160000 13.520000 0.740000 8.800000 14.570000 15.810000 16.830000
-9999.0 31.560000 29.270000 29.760000 32.890000 31.830000 29.480000 29.540000 28.530000 27.060000 28.590000 26.720000 25.950000 24.650000 24.950000 23.390000 21.450000 27.910000 24.320000 13.610000 14.390000 10.100000 8.550000 18.670000 28.380000 38.690000 31.680000 33.860000 36.430000 37.080000 38.740000 38.190000 35.270000 32.220000 32.530000 32.340000 32.250000 25.620000 21.820000 15.130000 12.400000 23.010000 33.010000 38.900000 34.900000 32.490000 33.820000 31.330000 22.600000 29.750000 24.840000 20.950000 20.100000 21.110000 18.670000 7.630000 5.380000 10.580000 10.390000 15.820000
-9999.0 25.860000 27.760000 31.180000 26.900000 29.420000 29.920000 25.210000 27.450000 25.500000 22.800000 27.190000 26.980000 28.890000 32.820000 29.800000 24.940000 24.660000 26.390000 13.710000 18.120000 23.940000 20.720000 23.550000 5.900000 17.120000 21.190000 24.680000 27.830000 27.060000 28.360000 29.920000 25.250000 16.330000 7.610000 4.630000 15.970000 23.010000 16.110000 16.040000 6.960000 5.950000 8.570000 25.130000 34.400000 37.180000 38.560000 37.270000 30.580000 27.860000 29.380000 23.310000 21.120000 21.530000 21.350000 11.380000 4.960000 12.230000 12.020000 20.240000
-9999.0 5.990000 2.120000 17.920000 30.220000 29.560000 27.680000 26.720000 26.710000 24.560000 29.660000 23.000000 22.850000 29.040000 32.920000 30.260000 27.840000 25.050000 24.380000 10.120000 13.980000 25.890000 11.950000 24.130000 19.730000 11.280000 17.420000 8.930000 6.170000 4.030000 10.420000 2.560000 18.660000 17.280000 26.130000 30.160000 36.730000 35.220000 37.870000 23.450000 16.390000 14.670000 13.350000 4.830000 9.480000 16.760000 33.830000 38.950000 34.370000 29.150000 29.980000 29.320000 31.410000 24.180000 24.630000 18.360000 6.830000 15.680000 25.160000 33.030000
-9999.0 29.840000 26.010000 22.420000 3.760000 25.320000 28.990000 27.970000 26.930000 28.700000 27.260000 28.910000 23.670000 26.550000 29.310000 33.570000 29.840000 30.440000 25.950000 14.120000 24.750000 26.490000 17.480000 22.160000 15.190000 19.700000 22.790000 22.180000 16.630000 23.920000 19.680000 15.960000 16.230000 32.460000 22.660000 31.550000 33.290000 33.740000 34.950000 33.020000 28.880000 23.110000 25.530000 22.190000 6.040000 7.780000 13.860000 24.200000 30.570000 31.330000 30.410000 24.760000 33.600000 32.750000 31.500000 26.000000 8.060000 17.980000 33.480000 31.150000
-9999.0 25.940000 26.830000 26.380000 30.660000 11.740000 23.670000 33.080000 26.470000 30.870000 28.280000 27.060000 25.810000 26.830000 20.930000 30.810000 29.020000 30.140000 26.950000 13.830000 28.760000 23.090000 24.470000 24.510000 22.650000 18.600000 13.380000 22.940000 32.960000 27.690000 19.060000 23.850000 10.240000 31.300000 38.320000 31.130000 19.500000 33.670000 31.270000 33.430000 24.420000 25.450000 30.200000 32.080000 21.530000 8.060000 16.960000 14.590000 15.610000 22.170000 25.670000 24.650000 26.060000 32.860000 34.120000 31.710000 14.070000 15.230000 30.660000 31.630000
-9999.0 15.810000 16.900000 18.890000 22.430000 29.910000 9.600000 28.930000 32.230000 28.660000 30.710000 24.170000 27.190000 20.900000 25.430000 27.660000 33.060000 32.040000 19.690000 15.120000 31.920000 20.360000 26.830000 30.740000 24.800000 16.120000 18.310000 23.450000 31.220000 23.170000 30.260000 10.740000 25.050000 29.110000 34.300000 33.330000 25.220000 25.850000 33.140000 36.220000 29.900000 29.700000 28.030000 30.850000 24.080000 11.100000 22.900000 14.780000 12.680000 20.120000 29.280000 24.950000 22.180000 26.500000 33.550000 36.440000 19.120000 14.980000 28.210000 29.230000
-9999.0 15.130000 15.480000 16.000000 19.230000 23.240000 21.050000 5.880000 28.150000 30.940000 31.350000 25.210000 26.490000 18.690000 25.540000 32.370000 35.380000 30.410000 12.700000 18.610000 31.970000 15.450000 27.910000 28.320000 25.170000 20.900000 14.440000 30.020000 17.320000 29.650000 23.840000 10.710000 28.490000 32.010000 34.750000 28.700000 23.640000 12.590000 31.270000 25.200000 34.860000 26.320000 22.060000 32.140000 23.630000 18.220000 21.500000 25.060000 24.030000 18.900000 26.480000 32.220000 28.900000 25.790000 31.140000 37.240000 19.180000 10.420000 22.730000 30.480000
