inst/rendena100/SnowDepthMapFile-2014-MA-mean-winter-2013-2014.asc
ncols 320 
nrows 361 
xllcorner 618410.159 
yllcorner 5088785.286 
cellsize 100 
NODATA_value -9999 
[rows 288 to 311 of 361, columns 216 to 269 of 320]
13.7338999373014 2.19054140810107 1.72076359733206 1.52613075443956 1.43826440904961 1.29217674693123 1.07078305228812 1.21684793566094 1.19995953606778 1.17681393857862 0.961198494082592 0.889579303929063 1.06622533329198 1.01976898068287 0.719311933048436 0.754125845236856 0.782510147720087 0.864125204868004 0.989730006358663 1.38860938588127 1.57576886161429 1.65330683598753 1.72777512816132 1.80687757398261 1.91948818769611 1.99230928890041 2.06553781227987 2.09351853855321 2.14756512251057 2.16797848998523 2.21539281626217 2.25344970578053 2.30519402613405 2.36885189619221 2.61259143860614 3.48831167377409 4.04341541352819 5.28120695176672 3.43059364694064 2.69793522944216 1.8940927005205 1.01939553120097 0.576149174424468 0.43596495956671 0.404757796740923 0.447649252219278 0.521521490128314 0.619018492151479 0.918883605081527 1.07331228256226 1.56177655204398 2.45205217893006 3.85788282800893 20.5258302297749
72.095410800371 26.7055588550255 6.33643672505363 1.84112762232296 1.63968849963829 1.56759285535969 1.42028927412189 1.41545710016469 1.39957016804179 1.36042374470195 1.17283772640541 0.893369831022669 0.757533948929583 0.491261841820889 0.450354873156938 0.466298619254691 0.740946582106293 0.818441953815398 0.956743044931381 1.36609252554471 1.55387079520304 1.60572386569664 1.73926336257184 1.77943654920234 1.82145383709767 1.934256835062 1.96019508017868 2.04429925074343 2.08010148220375 2.13549285638528 2.17423560971119 2.17298673410885 2.25863266772911 2.36593978131404 2.91698693447426 3.86866600787053 7.77563360870862 7.96187751019587 3.90938352365963 2.67685913648762 1.92283761696737 0.938981196919426 0.445370814839347 0.278674735397589 0.23605929828081 0.270936371850186 0.338738519637311 0.435534805547996 0.57688172137151 0.937432476731597 1.38538090127413 2.4510718017328 6.01274581033675 26.6949049214848
163.11054950464 90.1376208633673 35.5577682276241 8.71691245720035 2.01412987318195 1.74044700528755 1.62361152054834 1.57624945875074 1.60397543672655 1.47176389225194 1.28977819348945 0.88419852491285 0.687778637057445 0.434008989177766 0.378921977809218 0.390236995259269 0.471767925825275 0.774897872424517 0.953160833139889 1.34805311922167 1.50653562389436 1.67504177718866 1.71332990927774 1.80160159752017 1.83732012451672 1.92767985922391 1.96847810901579 2.01302068741595 2.03980406776803 2.06857226324863 2.11931355273137 2.19529685036081 2.31507624954474 2.80243170065958 4.95259449130199 9.97992174742652 14.177529350656 17.1518124752357 12.2473608235844 3.15215453163522 2.04305453378646 0.921651214849753 0.314305571259045 0.128902654178807 0.159951757212154 0.149278062288878 0.178449630737305 0.277489990484519 0.440853150164495 0.857713527366763 1.33668030285444 2.61209806848745 9.95141554660484 38.2501164498876
256.963503368565 166.912154330582 97.0636484489822 37.1450516747647 9.29789371177798 2.09561379229436 1.84897801133453 1.76966973601795 1.75318861789391 1.63734346921327 1.42571969892158 0.907294062317395 0.775044050373015 0.390051575957752 0.320480315411677 0.325056294925877 0.403563733960761 0.736254285593502 0.857765916918145 1.07523622669157 1.45561133838091 1.55840292133269 1.69992167050721 1.72793522819144 1.83056757880039 1.86257734455046 1.94843012387635 1.94406450771895 1.9728569906266 1.99611127571981 2.12986636552654 2.23553107996456 2.64108925178403 6.93231861708594 14.396005255277 23.887948442678 35.2509158634749 38.6936165270258 26.040462560341 3.94386669846832 2.04633386017846 0.872583326746206 0.178199017634157 0.11514488595431 0.0875910618266121 0.11218216380135 0.164892290459305 0.152343703097984 0.342377709560707 0.881133939399094 1.37785053253174 2.73654551584213 16.752284690982 60.6432193068207
344.73313735743 241.188260688156 153.661828822777 80.5069739232298 28.2107094311323 6.7828878652854 2.21330839688661 2.03201870840104 1.90430616941608 1.78605995803583 1.5612524689221 0.952034231092109 0.789171984938325 0.361952766043241 0.27557122902792 0.270507343479844 0.338926784327773 0.470363804551422 1.03181901525279 0.940652761303011 1.3547239772609 1.48587364446921 1.55041910390385 1.63434865044766 1.68922873794055 1.81615286967793 1.83034617783593 1.91920801068916 1.93763388180342 2.03997263361196 2.19372028600974 2.36977180105741 6.94038722554191 19.0693777819149 37.2743240809831 59.5233406317039 79.4867613041987 75.4080898566324 52.1567317931378 9.37942311021148 1.97681886641706 0.548542272849161 0.16126365348941 0 0 0 0.0731205940246582 0.16861418427014 0.27162733234343 0.847921293289935 1.66241304991675 3.26957940273598 26.8102450761639 87.0353385112325
436.833751569029 295.829333602405 203.172437105022 120.215804864973 58.3891995226751 22.8742752935066 9.86861718287233 6.38647592263144 2.80751734874288 2.00318757041556 1.70695905216405 1.22509997008277 0.722137373001849 0.34868628079774 0.241596722211994 0.224325477099809 0.280369993116035 0.397384518482646 0.760142232550949 0.847387313842773 0.990070186677526 1.17251702605701 1.28326197139552 1.51511067249736 1.59238901294646 1.71355230300153 1.75077366438068 1.87199909960637 1.97962714023277 2.08652082036753 2.23726847914399 4.57898415893805 18.6527077565428 44.7841317536401 82.9779548566849 121.370077445859 153.186340253861 143.927514037148 81.7362991395544 11.7949186700289 1.88877568479444 0.427573157138512 0.0646215071443652 0 0 0 0 0.0909182439084913 0.212097902766994 0.854575094629507 1.87588504103364 4.00065550256948 42.4716806724423 123.583928061313
529.775519636811 320.387027677943 219.62769977382 148.328465152593 96.2395262919733 58.5867274862821 34.783187944381 23.6924832140813 16.4171084966816 5.34030404638071 1.80496397174773 1.35951114091717 0.796236022574003 0.345871002947698 0.215810760122831 0.18422333138888 0.225688215161933 0.326256986524238 0.468526965282002 0.774384514230197 0.898778649627185 0.960818783181613 1.01772813327977 1.12964031344554 1.43591958968366 1.56741608166304 1.63518696143979 1.74567874533231 1.94032003840462 2.16346038755823 3.07662275970959 14.1832246936736 43.2916791595396 90.5072069011751 141.818041848355 196.517413373853 233.996446343719 196.512139195302 97.7141273998823 11.617696871523 1.72439825339396 0.340194233128282 0 0 0 0 0 0 0.164450332766674 0.796346750415739 2.06954866940858 13.4510434494644 74.8770874992746 186.922456882039
550.929370192231 342.170306901463 239.066481621539 188.092150297321 149.578300976362 117.980585539255 86.8577329604352 70.0576830222958 45.6759792390417 16.4587817270248 1.90654333302232 1.41763723092001 0.860269374534732 0.345859965340036 0.192804852470023 0.146632804245245 0.174414228220455 0.25773934848973 0.376559992305568 0.510030465047868 0.785440288606237 0.88090078947974 0.947549178952076 0.96228467440996 1.0116557449591 1.15630514113629 1.49839548204766 1.74420503710137 1.97564181343454 2.2015772803885 10.4274738343036 36.9729083874187 86.5747698174148 140.826836351488 211.949215185447 289.090870622729 352.227377117657 256.28972173128 104.269965124912 11.1019842898259 1.67453159269739 0.294095711629899 0 0 0 0 0 0 0.151395625755435 0.958524703979492 2.34275201891289 31.9146641121536 119.289364017424 284.799145800168
558.939147699075 359.03522254209 290.183703188036 254.175233903478 226.520054551422 184.390492548708 153.814191130341 125.296769243459 83.7400225029617 30.9627206208276 2.03531058889921 1.4782630576462 0.799415322600818 0.34348243963523 0.169920811887647 0.196957900875905 0.180178595370934 0.193130837112177 0.288656266009221 0.399682342029009 0.509272497208392 0.720476361571765 1.09079473526751 0.91445882203149 0.926345856463323 1.01752967521793 1.21294734517082 1.74127448973109 2.01536581946201 3.19186370099177 25.0392476066214 78.231752723944 142.123835454222 212.436090938381 307.735192752275 424.35435224752 410.96862309878 291.490259819343 92.3826206394884 5.22049215973401 1.41438975099657 0.249784438336482 0 0 0 0 0 0 0.184283631746886 0.99177867076436 3.13848814417104 66.8100009042709 205.281748568425 419.544919404827
597.786650939066 441.026924633589 386.863690047968 356.097542371906 318.981923337843 265.090572263374 205.170786326049 161.596258835714 114.831812059598 41.5539201439404 2.06455232276291 1.4739972098929 0.789575811292304 0.329176230508773 0.168518676132452 0.150964768206487 0.161034943627529 0.161116099748455 0.21189314420106 0.302757638399718 0.400103303252674 0.496484287449571 0.791109632273189 0.831054155943824 0.884944008999184 0.951336446355601 1.36724922305248 1.80066585540771 2.07971713582023 13.3005052316384 57.4651978680345 130.221709427286 206.014247159489 303.178227033771 435.778695262846 568.556634058718 468.816940651565 295.054602466646 75.5671260239648 4.18259863775285 1.18923714121834 0.140019276103035 0 0 0 0 0 0 0.246812382682425 1.21665773235384 9.59477864718828 102.80124947673 300.140885994083 527.530815374656
763.220372528326 614.085271475745 545.631633922702 493.427612007641 422.775486242576 330.184337615967 254.180226560499 188.575370475894 127.605817855962 46.0358130345579 1.99224324304549 1.38195542038464 0.80022228741255 0.291549276133053 0.185678200643571 0.104501145784972 0.110648045774366 0.164769219570473 0.147097118565294 0.223582986925469 0.308792176793833 0.401368594560467 0.491268752051181 0.780690005568207 0.881303193139248 0.970398621480973 1.49907381026471 1.90216133242748 2.8709255593722 29.8721133529163 103.011264824476 184.145316671153 276.17547260347 410.598084121454 577.480595838828 700.232962186219 578.272380109693 283.691210731131 61.4534341780866 3.08047329011511 0.88991470024234 0.0766870311049164 0 0 0 0 0 0 0.304195716732838 1.64319865429988 18.0642625152088 136.912609971938 360.985758277236 579.348032783289
1088.03032813698 916.37034663216 815.130315827542 683.624595481841 528.359408738183 391.99668527822 284.215587959915 216.222825089439 134.617922823098 41.9145139006318 1.86359579055036 1.31785475621458 0.734064680631043 0.221994181148341 0.120191034723501 0.0609866712914139 0.0697919032612785 0.112882965900859 0.177763688759726 0.159062166683009 0.232986700339396 0.316039570042344 0.40589135592101 0.514466520215644 0.860777792383413 1.03829169664227 1.76794052124023 2.23952446609247 17.4027167695468 65.9238809366695 140.408316033785 220.051682167366 339.952709440325 507.499564123935 698.856658810475 784.917956758718 577.097553362612 239.58210291628 33.5920247406256 2.0656487980827 0.428244981609407 0 0 0 0 0 0 0 0.340119502583488 1.70957858445214 23.7124189470635 149.98656990489 387.71463331629 591.270797229204
1550.76290843526 1352.19880601226 1172.8321444402 931.684977347734 668.577654553241 451.511729459294 323.710912485592 232.032113028354 132.549895489008 31.8875240888752 1.7189814848978 0.987324699026639 0.431780643150455 0.192435655437532 0.062668722183978 0 0.0297276563331729 0.0726728830181184 0.122626836182641 0.188993375809466 0.168180919084393 0.244297637314093 0.341779427450211 0.487127679293273 0.879229561227267 1.47918635509053 1.93590553471299 8.91800204261405 46.8090958986126 113.206577097783 182.956405655282 271.594502089453 404.691350905622 591.719834280796 772.555250738488 836.929849906046 527.870348727117 184.346186778188 15.8064034493243 1.12117686037157 0.166308918937308 0 0 0 0 0 0 0 0.377836196148982 1.83209835115026 30.8912057016717 155.932441531635 389.052463015572 582.298454421466
1922.38097444128 1750.57885041784 1576.21050324987 1241.80701584112 814.876174801686 515.645373723546 352.169991203996 241.17167147652 128.874947842791 22.294026828203 1.58141164310643 0.870852329691903 0.331148491531122 0.136101769619301 0 0 0 0.0327602292670578 0.0796485885244901 0.130690473024962 0.20149254408039 0.194062842697394 0.317644682086882 0.523803116845303 0.968289609815254 1.71955910667044 3.6800501072993 32.6420947606446 93.8769210596554 163.977065414679 235.251119191529 341.002663745255 490.691647811014 710.626615524292 852.274656858601 703.561374801104 435.393627541964 134.489935507555 5.77559872924304 0.997491617671779 0 0 0 0 0 0 0 0 0.458069473016458 1.90230771361804 45.0531939209485 177.63676102435 401.076554759604 594.066163453899
2280.50041223745 2075.71674084273 1821.39202980917 1470.03529683097 966.280336708319 581.107072955272 376.687103584165 251.833362532444 126.89361379436 16.9688689435115 1.54371255343078 0.861259022697074 0.268772406656234 0.0868766894106005 0 0 0 0 0.0382206049121794 0.0873253150064437 0.15269034026099 0.176353470223849 0.353995620227251 1.03416317799052 1.55450433199523 2.303940006944 23.7235291668626 85.6711579307181 150.925424626616 223.76257795584 315.049002475426 437.236023855991 628.449660645157 811.762455471226 913.660397662491 649.529405890918 370.257726724031 87.2287501663458 4.37810847016632 0.75402286404469 0 0 0 0 0 0 0 0 0.821702144185051 2.35471272077717 67.2101976676065 214.515617495678 443.888782313613 632.475001288242
2530.803520828 2312.71166992188 2007.30055111744 1518.8891791672 1036.68043502432 615.226216363125 403.31571024754 264.54695279481 130.690512887798 18.3236635552078 1.53913461966593 0.850288875767442 0.258545719209265 0.0741553462919642 0 0 0 0 0 0.0558130819289411 0.134050244190654 0.20712736786389 0.466234457297403 1.02334100691999 1.88053240541552 17.0465609284698 79.3841947336666 156.967495675947 221.19598547357 298.303630871851 423.019055976242 583.669697788895 783.348831677046 915.243128667112 975.096472638552 726.384956500569 319.05693466937 51.4681738243728 2.38478873205967 0.301882915809506 0 0 0 0 0 0 0 0.0987843294612697 0.982326319960297 7.07392784806549 105.18256257792 274.888748325285 518.362524470345 697.247197459956
2777.20052350154 2445.40142722208 2044.75501488858 1521.92748798308 1044.85627879471 634.045182861266 410.104423319707 266.270015755638 135.098808329217 23.9337427264354 1.58894391138046 0.838440707472504 0.305438620145204 0.096024685218686 0 0 0 0 0 0.0515957035002161 0.167656742158483 0.311984671921027 0.815156076775223 1.61783509176286 9.13929132555352 76.976872944441 170.718103057048 242.158958325621 313.171369560429 417.944122720937 551.422154598549 749.554111769942 904.753258111047 1017.42641495877 908.45705576412 688.360518807271 269.400885566336 32.1717111556256 1.16898716473189 0.191053140358847 0 0 0 0 0 0 0 0.144229513699891 1.45948311539947 23.3815812908235 154.473872939094 366.272006394433 623.497761147921 776.222529458218
2970.32545346119 2437.59082431481 1945.20716532723 1352.12534786443 934.014625611852 592.707870358326 400.430575902345 268.374574880131 141.14151647858 32.182086663168 1.76000199552442 1.01478689224994 0.405321527699955 0.164753179081151 0 0 0 0 0 0.0957018820965876 0.191120788699291 0.50337281774302 1.38179419470615 2.6320622866271 64.2090620760058 182.509048336842 269.867076748707 349.607671909645 445.152611544875 570.297605432448 732.909240886813 899.601481695644 1020.3780444411 1101.12310428307 901.920869612303 632.904167910091 213.200721740723 18.1196268112933 0.901639141020228 0 0 0 0 0 0 0 0 0.256989869915071 1.73885296993568 56.2744190028456 209.875825436389 483.850953696204 765.659231873809 847.606076818998
2959.0919109407 2179.07936071177 1676.4773234383 1198.3346057329 855.605037876817 579.327144857313 392.152875181104 261.105702947398 145.305154020272 43.6216523872047 1.89115449248767 1.3648790140621 0.734845427216076 0.164979278064165 0 0 0 0 0.0701938848026463 0.167869427165047 0.386906733278368 0.926763894128018 1.8429621321256 39.2971000984067 171.559133115362 283.852445195933 391.775708663659 500.152732255029 639.066406906628 784.29504225684 928.150684004924 1046.04207886242 1140.6017020804 1211.15642860288 1000.78796099053 541.730469172118 157.393092534505 8.05094435957612 0.903609823008053 0 0 0 0 0 0 0 0 0.404449775570729 2.05984828511222 92.7703854764094 296.276223378103 630.302356465918 892.017176272439 910.754756231777
2620.38172387295 1904.23975209721 1426.93718388042 1130.81564574945 796.888740914767 573.197473369661 387.008231002776 258.945243272625 149.51439699497 52.7583729636657 2.63430720469991 1.52909364856657 0.759361173285813 0.228775149486104 0.0452583266086266 0 0 0.0337295883991679 0.191307505623239 0.337933149494109 0.810828803015537 1.59814766586804 15.56231911456 136.299058664041 273.525022162766 400.488363125285 530.538981547121 702.06984795117 883.36187737887 1011.48932697734 1108.96729416144 1206.62772331863 1267.64112778961 1200.86107579216 959.561403852994 450.083190261341 108.042135732508 6.89253941520316 0.84403341324603 0 0 0 0 0 0 0 0 0.749537905708688 4.69845323093602 147.345100481002 419.831497637952 807.307539771815 994.803980999306 933.147865483018
2238.84575515497 1656.55738280249 1277.49217987061 1031.67809395712 721.55403810251 534.593563838083 368.854281792875 255.141424210345 146.141238445233 53.1763107670379 3.3288435701464 1.55498240423984 0.860735549301398 0.244263836594879 0.0397906381575788 0 0 0.0995430008309786 0.263734285948706 0.718388447996046 1.37940184796443 2.6765582678748 86.8464021726848 237.874929123237 368.890045275454 511.90293434018 711.31032262083 929.320685800959 1082.53236038958 1206.39973774894 1282.7791913142 1347.52632466301 1386.04305680072 1209.3089947935 903.926492495615 388.022531802537 79.4118191453277 5.12166398470519 0.551488407322618 0 0 0 0 0 0 0 0 0.922503971662678 27.4856657669192 219.494221945278 570.380597634394 948.26376899344 1088.66796737421 987.617727779951
1880.63020049549 1457.25966853783 1203.23247821995 921.926687803425 655.477080528853 471.003844198633 338.886084697286 234.012667108755 133.437508246785 43.8267091367333 2.72683636086886 1.55454144712354 0.789003043878274 0.214569967301165 0 0 0 0.207532929592445 0.447088522989242 1.04102802276611 1.84333537054844 34.4866067698744 181.292855231488 315.364023552566 460.354290602637 638.737775169435 892.914362641632 1103.57362840996 1267.73715059874 1347.69764784516 1425.48912523614 1461.12586499824 1492.45212442367 1321.43684762423 852.846142784494 337.122725830703 64.7328104738329 4.38522740661121 0.521996138525791 0 0 0 0 0 0 0 0 1.26946546210617 76.363100380194 328.227842487273 755.276840589086 1078.04324528428 1154.50918841753 1026.78626234023
1754.81973516746 1328.59908280607 1099.00775106618 809.340270683414 592.672413841623 423.054763786128 313.659383930144 203.95849656277 112.789023745439 26.2710059582271 1.87996829142336 1.41587593516365 0.777882278942671 0.174376284489866 0 0 0.066201952637219 0.283720923251793 0.813372088260338 1.63564570223699 10.54172078117 108.732984918063 255.252238336157 390.727162540936 538.879960638578 772.278386116028 1036.43244871546 1244.16865414479 1383.62963416928 1471.45340516137 1542.88875592341 1606.9995477395 1530.9854150991 1333.95975882108 786.793809312289 307.55888416728 59.1289890164235 4.08247359854276 0.542510611112 0 0 0 0 0 0 0 0.133814733536517 1.59345980159572 143.905051692587 481.48170399275 907.160303616133 1150.77587940654 1181.46221035817 1050.92844696905
1697.03200843686 1160.11025175501 934.712756231183 729.190915654917 540.658112807352 391.007859499728 284.837368800992 174.463839233899 69.6553915374775 5.33471614024678 1.67159135224389 0.988866899834305 0.410554948400279 0.15246877513948 0 0 0.183080907727851 0.716173828625288 1.48374468381288 4.13661225897367 67.2246050433118 218.716595837327 343.801296093425 475.695707962161 641.843450628343 909.52406679216 1176.65766706623 1364.29211225666 1494.02403284292 1610.56842841477 1699.0034159676 1750.68127241291 1584.90724857518 1287.18745040894 689.913250938791 263.055504220431 51.9266448568125 3.64099707368945 0.767849468794025 0 0 0 0 0 0 0 0.196232889519363 4.42618109749966 216.469357560893 642.349922062921 1051.78246532503 1195.37368174068 1182.62981027072 1076.27271431782
