inst/rendena100/SnowDepthMapFile-2014-MA-mean-winter-2013-2014.asc
ncols 320 
nrows 361 
xllcorner 618410.159 
yllcorner 5088785.286 
cellsize 100 
NODATA_value -9999 
[rows 48 to 71 of 361, columns 162 to 215 of 320]
720.713129872181 685.918610572815 668.290737324074 651.982668970452 671.796309940151 795.067716371818 917.180849169121 1019.9508421851 1108.21623305024 1212.81463623047 1367.0499147509 1537.59658163102 1689.28630090932 1778.74120093174 1815.70539630827 1849.16568143251 1916.08310987129 2018.06046883005 2143.53554247246 2255.9584980949 2309.59979147989 2293.87747342469 2264.98418288934 2214.77446809362 2199.46520795978 2222.9686399366 2311.55087930648 2304.99058657787 2367.59402816022 2254.32059866483 2025.48490730661 1885.84122254419 1805.10733782659 1721.627739578 1581.39236300109 1432.31382376249 1308.93110431609 1272.71484875288 1306.5235515657 1354.71307373047 1376.81661737161 1392.41189024878 1308.11774682217 1307.83527211674 1292.31821829374 1291.48225677991 1280.13875992572 1252.95639588403 1219.25366861312 1200.87257660412 1171.14456627017 1142.63588476963 1091.87214185371 1033.19295063957
710.995084981449 674.51641919183 771.644559703889 733.007197325347 700.896895924552 761.243222916713 831.733239971223 904.50260500048 1018.50141031234 1155.96235231493 1296.39955114146 1468.65693939709 1622.99903144211 1730.76836057569 1830.65065077485 1904.77951099834 1981.29159595927 2062.76332567559 2181.3642237929 2296.26629938845 2313.35540471311 2232.62331502946 2145.96543208888 2092.02400182505 2031.11007540343 2000.60384781634 2096.62352715164 2201.83407442687 2306.18414206583 2236.41350417841 2012.55212402344 1872.57865730661 1769.04918032787 1695.98182753266 1574.83641277376 1460.31073098105 1393.55496065734 1380.16941358222 1387.22070912846 1418.94092797451 1419.01860271516 1397.30597624232 1360.9280345479 1346.68797227203 1295.3688024302 1295.12373727267 1280.9677904473 1262.89865562564 1211.38641607566 1190.83277918081 1150.21061481413 1106.52023015257 1061.36177588291 1008.47317354796
928.616252523954 891.802267680403 941.893674006228 920.049847086922 809.684257233729 785.388120838853 760.349482333074 830.752830630443 927.478951375993 1074.81118274126 1218.41732437884 1365.9747994845 1530.10523561571 1683.92914318648 1833.01998951396 1953.32876136655 2062.29187612065 2127.80478755763 2246.67163686283 2298.7303166624 2235.16299588563 2095.96818967725 2003.85382180136 1887.59963538998 1814.12770755955 1784.57133709016 1888.00982565958 2005.60670546235 2142.95735343558 2091.97537181417 2053.3170446177 1869.48072289639 1765.78034347784 1675.16545530225 1579.72609623143 1524.29225934138 1492.10635025775 1475.65437491995 1483.70752453413 1471.44803806993 1455.62749543737 1411.06422599417 1365.22638940029 1337.2133979172 1329.34054515401 1318.56870357326 1282.18788021901 1268.32479608254 1220.70663302062 1182.78916856109 1142.87766853708 1097.51453137007 1045.33721873799 982.859899802286
1099.64996638064 1016.72406506148 938.797451957327 900.744035126733 840.338505189927 719.137039716127 719.483410366246 761.740882623391 865.040213162782 992.298586986104 1135.86498122919 1286.73324935163 1465.96514992636 1660.52382172131 1811.84497270428 1970.72027888064 2060.98180351883 2183.68227298924 2288.60479436155 2252.81670442175 2080.81763095543 1968.16892530097 1829.9062159804 1681.64775910925 1630.87245053151 1614.14338258837 1726.17291559939 1843.87111376153 1976.65126512871 2123.97566998591 2079.05381099513 1913.22069311924 1789.94839227395 1698.42871894211 1621.20178622887 1569.30747410508 1546.66652391778 1555.72448330238 1548.99663606237 1522.57924064261 1473.20053650903 1416.7579265657 1369.08603755763 1339.78693527472 1316.46151583312 1312.91760654137 1285.09799844711 1269.41981481333 1217.41540227171 1180.28064064901 1138.400331591 1099.53960081007 1057.63246429944 990.787414300637
1198.30554599449 1088.50991220943 955.803685547876 850.50829434004 776.277450373915 696.301417241331 689.551291856609 722.322158266286 831.447489003666 945.365837722528 1111.21275754835 1278.30951428023 1451.52359559106 1634.20670105981 1803.23101106237 1929.13801549693 2096.7591612769 2279.53315909964 2358.69535852651 2176.90576171875 2017.05553798988 1856.74464891778 1702.72727090804 1561.18540279201 1528.51828653304 1521.41330606429 1645.7613085137 1725.52977515049 1826.35512054944 1950.03453189037 1947.74465892354 1966.62025326588 1829.61599681416 1732.84329573835 1643.72460737385 1583.15821413134 1574.97473744877 1589.20486300109 1562.63752821625 1542.34783335201 1490.73680539991 1404.48654525006 1371.01406710265 1331.83721223425 1317.10449318808 1287.59017894307 1275.49221651671 1240.96195958872 1207.55989249808 1166.90776987545 1138.34065621798 1115.30615134317 1073.09223062484 1024.07688703693
1205.02434252129 1069.97330687476 896.182474714811 759.260895564908 656.746438792494 625.513676971686 669.890466189775 703.568252782353 814.715017600138 949.106086105597 1116.2492895908 1290.00114465932 1428.11409271741 1643.22072113537 1774.86918865266 1923.76584312564 2138.82148317431 2340.27700955751 2386.63193199283 2154.60335953509 2018.06076500064 1840.46031714267 1699.75489081711 1586.09362092565 1525.92155881788 1511.96988665471 1616.50232734055 1648.83402639921 1693.51119244685 1760.3505859375 1887.81319840228 1951.37472584209 1895.50136478612 1730.06196168993 1616.24105784932 1543.98121818167 1532.33347007877 1528.25071241035 1461.02507744461 1452.14070004322 1413.83630871382 1368.8125340196 1321.18650842885 1293.05338374904 1273.2438024302 1261.1016385438 1247.71086946081 1219.57031099914 1180.73535706567 1151.54293122839 1130.51147410909 1121.02895918049 1098.26003077773 1039.32131707864
1170.48071989466 985.54557375048 811.867974265677 658.25010517777 592.997287199145 574.10572052002 563.090456462297 677.490440227946 801.809409970143 952.680388403721 1109.31895771965 1294.55241919346 1461.39316446273 1635.18707575564 1752.69014752497 1936.33857101691 2138.47884381404 2372.53815998015 2299.0167116259 2192.98947994045 2043.89748695248 1957.40684434234 1684.61977499039 1641.96028512423 1576.37156201972 1519.3853069368 1586.89904384926 1585.66473688845 1563.98407882941 1589.90450699603 1678.59293553087 1813.31253602075 1822.36356141137 1728.79327892866 1578.03302102011 1484.1251140657 1444.73242387615 1421.73746077741 1397.87622270428 1379.88183393635 1353.24312103772 1341.78753261879 1291.5276989546 1282.17579525807 1245.78987546827 1220.82681724673 1206.0883258757 1174.76481103115 1153.14251258725 1118.85259059218 1114.06648279409 1099.55680872182 1071.85866809282 1015.05961959088
1122.31229638272 929.575612740438 762.348248466117 613.221476117118 565.248480394238 558.506266359423 532.713557196445 637.642761164024 772.456922937612 932.649863821561 1084.46560518859 1264.69049472496 1414.27773497535 1592.22846359503 1727.81631819928 1885.33490890753 2081.46417736616 2276.78383548924 2263.83249751857 2170.06864353868 2090.24190533747 1960.65091692815 1803.25514696465 1708.33641177318 1592.29390128714 1576.32887142994 1595.35286124808 1542.01926809842 1490.29096659676 1467.6388579822 1521.97763511783 1627.6407730853 1663.108850698 1663.22633236744 1499.91883024622 1383.04241142898 1312.39888875993 1286.55056512551 1285.00796258645 1295.08339803727 1315.8714529569 1305.05562303887 1288.32777479828 1245.77654378922 1205.47506763896 1167.7746887207 1157.98720462987 1131.97340368052 1105.73339093318 1089.01405359487 1073.1176692775 1057.99184880491 1032.22210543273 972.171274153913
1104.95283933546 908.966672866071 751.860889794397 636.78307158048 576.97074083422 550.571253995426 501.588826050524 598.568295682063 738.288160355365 895.720737144595 1045.47021984663 1216.41910040183 1383.29880811347 1560.8102807217 1695.42064629226 1836.78856821529 1969.7368904489 2069.04241843302 2123.85885870261 2136.50082247374 2038.70400350602 2057.98928582864 1843.02442606942 1669.10298632012 1590.25219926678 1563.34184590324 1498.0784842069 1539.68282730853 1484.46515693039 1431.06046382716 1444.25388123559 1532.69784695985 1632.84106445312 1595.09891797675 1462.86297407307 1303.21117663774 1215.96015755075 1175.30725397829 1176.46562970271 1209.48062283876 1259.00912875816 1269.73917976755 1235.06316088067 1176.53619534852 1130.64871766137 1120.16820088371 1098.82987300685 1065.69830672467 1038.80989524966 1023.11930672067 1012.68956518955 979.625653376345 929.585658464275 863.64852236138
1071.82751940118 900.557223554517 759.158434664617 654.65461684055 568.112305656808 565.990531483635 481.013803951076 589.378125175101 724.293796039019 867.15454501793 1012.59637150999 1165.74910948706 1323.03741254963 1500.00966156506 1646.49828301101 1768.24233158299 1823.58100065638 1835.15329029521 1834.96973056481 1892.19953693327 1964.38196801358 2041.7252857646 1960.32778080174 1717.00103059362 1567.46996169794 1595.70712730533 1526.39143446625 1570.26938816758 1504.34696785348 1452.87800873303 1427.68647841157 1471.10124631788 1551.15270695921 1488.94015653016 1418.80708588147 1239.79026919506 1129.90931276415 1082.29937644083 1099.97951820248 1130.93937307889 1174.32392257941 1183.47586309714 1140.05657808898 1100.75893564693 1065.81020067559 1042.66857434882 1026.57223210569 999.351170774366 969.912453573258 952.685383030626 931.136360918889 870.499222302046 789.171064259576 709.074961396514
1076.97221349497 909.864895492304 757.117030018666 677.585949616354 589.826790543853 577.899939560499 574.188388480515 612.243142487573 728.511198012555 862.74921154585 1000.73938638656 1147.92985359567 1305.07560254707 1467.2253618084 1610.86245477395 1684.11593477843 1686.24484102843 1642.97661653112 1611.84927518251 1641.31765697041 1761.21605844967 1858.33450067239 1926.27415791496 1829.75543713179 1651.98152635918 1602.6357972192 1592.49013831967 1554.38621846183 1523.82572761911 1487.88515184746 1426.03228259477 1429.14114329854 1483.92863689485 1430.70899738249 1372.98894963499 1181.38260137839 1061.99579933041 1019.15273297419 1029.52782877938 1062.42207236368 1086.25374215548 1083.44591334609 1058.72804435355 1025.83907380651 992.785527713963 975.794466112481 949.786685630923 911.505213127762 876.404473601795 869.406448614402 829.038337918579 762.388807718871 645.855769399737 550.825194327558
980.942303329218 865.831009661565 765.026276862035 685.819622727691 638.3489531689 572.480552735876 578.888672078242 618.318611004314 731.748235858855 870.356787509606 1010.35085959513 1144.45500408235 1300.61685030578 1449.37486592277 1576.03714139344 1616.83620965676 1543.5610371574 1459.97806036277 1435.56239493949 1472.04955054111 1568.48580882588 1694.18593509862 1878.77998727267 1863.78464995838 1788.88889000064 1652.12357017642 1597.10579093558 1572.35267914319 1505.79206222784 1449.27199266778 1445.81546670882 1385.74868324155 1394.85802422195 1429.74778272285 1296.84340880347 1113.27664985031 1000.32638925021 961.155462421355 970.578247695673 989.799957275391 1001.91658320192 986.765362849001 982.125497286437 961.016324402856 954.723666081663 921.378242867892 872.631165144873 818.771267218668 790.057874187094 761.265266238666 721.701035952959 638.245005779579 512.97506693543 424.815256994279
869.187681416996 818.181598874389 754.406891166187 699.992719298503 635.284045336676 538.459029916857 556.778307305008 626.691548644519 730.941484107346 875.633056890769 1004.46468415808 1121.90727859247 1284.77349453285 1428.07509425429 1529.50593041592 1528.06595699123 1424.67065629803 1338.27588791144 1304.20390144723 1350.27060386783 1443.03546642866 1560.13308165503 1704.91875320184 1725.79873206967 1714.63323674436 1534.41806680648 1528.12729632268 1519.08361316118 1467.34612636879 1402.0060114626 1302.83566934554 1334.57384453445 1312.72984238922 1325.54934242123 1199.13769030962 1049.71904967261 930.78469954944 887.388825561179 891.832049838832 914.606005684274 927.570271226226 931.906530161373 927.173210519259 917.839214637631 886.019657322618 840.192478695854 775.899675982897 728.650266709875 689.997179125176 641.958728915355 566.83045812513 487.099402001647 396.592337217487 292.523752822251
800.371696816116 776.084406379794 742.921430806645 685.605274802349 599.318590742643 528.209570650195 523.433316496552 600.143061919291 710.808549451046 853.097899640193 977.80782730853 1102.55772875176 1231.63484867284 1379.7907154521 1479.24528128202 1422.17396820569 1277.10484939325 1194.56925589139 1173.70270075564 1233.68586806 1343.14766605565 1459.53243468238 1561.07189040888 1630.55956430904 1554.6398765689 1486.74080570409 1496.74065961994 1497.8211920066 1434.02308629771 1348.98023261399 1293.08278568455 1207.55151467245 1220.0377392378 1220.69555814149 1109.68607267786 972.290703695328 871.298145231653 816.215093331259 814.792388364917 842.528927224581 866.675291092669 880.456115785192 881.380643688264 848.024936644757 803.031574561948 748.083768180159 676.889193534851 610.623887327851 559.861959949869 498.381381288904 433.109665128051 348.231344715494 256.14791182221 176.237233927993
761.077456802618 745.48466711357 707.977403273348 627.005065386413 540.703144722298 478.527201761965 479.214137843398 564.954350502765 661.824098583128 791.223488354292 913.511722252017 1041.15275198514 1164.25817470863 1290.20335713371 1356.44018654745 1325.28676417617 1148.47828549244 1051.97742999968 1085.20316552334 1151.40360997935 1248.11383957159 1355.75523501537 1445.03182433081 1491.56811523438 1373.81779504995 1319.74403756564 1349.93200283363 1408.96311275295 1390.79213727107 1280.78040501329 1195.90761828813 1146.27201317959 1118.27662533619 1087.05888241627 1010.03637845399 903.389185108122 794.450916071407 743.522189968922 750.089141392317 762.537911086786 786.431936893307 821.483769115854 809.626645322706 766.359745686171 700.906049603322 620.677180266771 551.551555688264 490.10112749944 440.932599708682 379.67783777831 301.110436298808 219.530677983018 153.207102415992 107.767143965745
750.727185433028 720.029041634231 643.63662241326 551.357399799785 474.352869768612 445.510620117188 445.036707706139 515.965763467257 588.080205135658 691.708466639284 815.76942769035 939.890592981557 1046.16976878682 1123.96615950788 1184.48362356717 1137.6479642274 1000.42645939061 922.795509463451 996.104355858975 1080.91400196513 1186.2212824587 1268.0410706567 1312.24604572234 1319.38910912686 1205.30188338483 1173.66149402056 1224.08886268491 1312.08292276351 1327.16853807793 1232.56482684026 1091.48753657106 1028.83731804519 982.176710535268 943.519592035012 875.756491707974 805.932454343702 722.711348588349 682.390415848279 673.694530127478 694.683499320609 739.039639863812 757.658693094723 716.810299701378 648.582423788602 560.012091746096 487.653735489142 435.644089745694 380.675309353187 327.355194060529 270.208981639049 196.056878699631 146.977781029998 97.1427878190259 75.5542886149688
763.451774065612 691.963744335487 597.992839250408 506.479483377738 423.986019603542 404.736819142201 413.297198061083 451.972211243676 511.151878028619 602.40597402854 698.943586865409 796.17005970439 886.623671484775 912.402025566726 924.186780585617 927.564899006828 836.316036544862 799.669119643383 903.087091727335 1004.41723782899 1114.78799638592 1185.75136378554 1207.92128465996 1167.9253374944 1066.06801917905 1049.60603357534 1131.43837350314 1212.23374413662 1204.07860227491 1178.08290325227 1014.64980178583 918.304769172043 865.340390690037 807.671401317002 772.84569855987 728.09162071103 661.926225208845 611.206823333365 588.165659716872 582.639635570714 637.160630960934 650.235019644753 576.987456098932 499.003844089195 425.48424692623 369.066078490898 328.952772109235 282.214146403016 235.676006176433 184.71801560824 151.897000406609 102.98298339619 76.0906772940862 46.9996173965638
745.78424522525 673.383370739515 568.908894960997 488.226018249011 419.408041750798 386.176991611231 361.599163110139 390.424667733615 428.393571838004 500.509669178822 584.554499141506 634.378967027195 652.516981031074 663.075973682716 662.394511613689 695.239864568241 676.709737715174 704.371699301923 817.366967560815 916.326788730309 1013.58287523614 1086.94949841108 1107.35945354524 980.518626228708 933.940478590668 895.283561300059 1005.94006422699 1101.80874633789 1169.29578487209 1077.6196604244 936.97546036517 841.896309066991 780.209116669952 727.463688834769 675.094145806109 640.205108157924 586.86468574649 535.130603489329 508.071257857026 491.109508702012 517.87290088466 483.95106437558 440.715483001021 357.994577798687 290.899797251967 247.359592281404 217.838646771478 198.414335985653 172.284260609111 143.989041578574 103.37824447282 75.5764067246289 45.156661732275 28.4213679931203
732.853989960717 656.936643412856 568.883960286125 485.360674561047 426.48993978344 388.693092439995 364.125417787521 366.417865565566 374.173789571543 419.788122106771 459.20673138978 493.222052808668 486.444042393419 469.50412839358 474.865420497832 501.185343464867 535.974408931419 599.497976060773 697.829716741062 829.756047733494 932.245662001313 1005.54664086514 974.983548023662 854.487818389642 805.957160730831 805.203095326658 931.736532367644 993.735952158443 1038.27364261815 962.067264744493 880.435392004545 793.30331333348 739.963371120515 663.698356659686 594.148425453999 550.082506719183 507.8658859378 464.043206637023 423.391098897965 391.713250144583 400.173423696737 361.752815230948 287.845680002306 225.300866924348 180.738573293217 163.64550184031 150.448498929133 142.864998754908 116.306534474013 92.4076760621344 69.1628448411089 42.806683626087 26.8897839462171 15.8562488995615
735.027369671181 685.158990633292 603.77994293463 498.502372147607 435.45775541712 397.528910715072 370.14592466198 359.35182840316 351.775469420386 364.469620001121 360.618449007879 357.580905312397 335.877929124676 333.222996539757 346.395697359179 374.686794937634 426.013466600512 501.674295769363 601.248575402088 718.473197702502 827.548907358138 871.435379528608 877.530428026543 770.353543390993 728.396294171693 791.089923928996 846.876658111322 896.558365993812 871.878875169598 818.157324095241 830.124282063031 795.46620268509 719.504241615045 635.458766577674 540.34100717013 471.764825305001 414.147280646152 369.181488365423 325.236234821257 290.478211168383 267.834427411439 228.153220911495 177.008299061509 131.635757100387 115.293951877805 107.402036818325 96.3011151425174 85.7679438747343 67.72931568007 52.4778247920216 34.2680837599958 22.2104834064108 13.1712495772565 8.2476869030077
812.381220723762 760.61481979245 694.122163178491 598.847081262557 520.854550658679 460.580138206482 423.886202827829 396.809413988082 358.777812176063 341.332218099813 312.495093548884 271.922000330003 229.047057229964 208.672530158621 220.665734275443 261.082979436781 313.385529596297 398.361103159482 510.240716043066 604.065207098351 678.020535504232 725.565346827272 734.892557863329 647.337102358458 611.270245817841 690.434417193053 762.284993992477 773.750655221157 755.408252637894 751.430307419574 787.539079290922 798.507372809238 726.365302070242 623.754129128378 490.639891765157 392.933125855493 313.81049831578 254.506001769519 213.725860783311 189.174109318217 170.812053492812 136.827963233483 107.211834525476 80.6779416540607 71.2101531580823 64.3165303683672 59.1217297051774 48.1617898975239 33.0202586675276 22.7698129669565 13.2432429008797 8.28714019548698 4.62902794705063 2.80981966315723
872.715092983402 853.246294013789 786.190875506792 708.546570441762 617.586646251991 538.808860372324 481.958355325167 450.861523925281 402.136360684379 354.950758652609 290.112883458372 217.126389300237 151.250888152201 131.01057079239 125.629655350916 143.355846948311 200.226700548266 278.976654365415 380.350592863364 462.923247415511 528.35865145824 565.140617308069 573.471556741683 534.972800880182 525.4562486117 590.114376083749 631.121592975054 650.739857345331 658.220781795314 723.065230135058 797.216501830054 783.677334203095 707.757225075706 573.342146826572 438.206207556803 322.0211702253 223.076875092553 166.339120427116 144.654980506076 134.151226687627 107.561038228332 81.6444468786482 61.625738010299 47.3553601508258 39.9666690396481 33.8940841262458 27.5784390715302 22.8336975926259 12.3820181420592 6.98120471590855 3.64978254329963 1.16686833881941 0.674761096962163 0.49029929911504
1044.47115088291 1008.20867094446 946.153159344783 849.590607424251 755.295124147759 670.732267688532 580.285831658567 505.891818312348 449.100873603195 370.946018031386 270.541477277631 178.354311646008 105.495078966266 71.9495721806268 73.2957383936546 88.9784410351613 122.894345742757 171.083171750678 232.40215209273 287.406824362083 357.332321229528 400.753932237625 416.787247094952 407.609239046691 431.166741543129 465.925582401088 507.436399772519 551.335576073068 607.175149706543 716.34696241285 775.232667133456 711.879381867706 639.695856000556 486.505139960617 364.173472474833 236.37626006955 154.700776897493 117.526197693387 92.227795625075 77.5638183582513 65.5710082481631 46.4534065137144 32.0715087691291 27.2289561795407 23.7139779983974 18.6664009191951 11.5367171686204 6.87358413074837 3.01098924875259 0.959982220266686 0.484232925000738 0.47550953020815 0.464523127821625 0.45364563875511
1204.81939997439 1174.81039278624 1078.93367279553 971.0727116319 874.555576793483 769.478209698786 688.330775167121 576.728202257 474.215258637413 344.505878886238 228.415681510675 138.047232407527 75.4894126062511 50.5556081640916 44.440432642327 50.5284525268391 70.3781953400276 93.7851935849815 118.450045171331 136.523328271069 174.842760992832 215.896597471394 240.304801628238 242.874732533439 272.481393517041 318.936941053047 388.371960655588 480.14216745486 580.12059704593 706.014054282767 736.550555463697 633.180632606882 511.468976192787 369.359509288288 244.830417257841 151.623947767938 102.541608826059 72.6021825407372 56.419651841531 42.9650179352917 31.3189981648179 24.7990721298046 18.0927767343208 13.3900090514636 9.63003210454691 6.3291832462686 3.20617520906886 0.962921362431323 0.478198793090758 0.465333854565855 0.454617674233483 0.443356438738401 0.431230788348151 0.414674854669415
