inst/rendena100/SnowDepthMapFile-2014-MA-mean-winter-2013-2014.asc
ncols 320 
nrows 361 
xllcorner 618410.159 
yllcorner 5088785.286 
cellsize 100 
NODATA_value -9999 
[rows 24 to 47 of 361, columns 216 to 269 of 320]
767.402445918224 786.057007086082 817.26394390669 853.411670747351 906.590098896965 945.477850992172 1000.36242875897 1018.65775386623 1068.06258705014 1130.74649348024 1173.41494951092 1179.14360471632 1145.68419959897 1080.03210349161 1017.02836183642 980.157827408587 962.61371625056 970.567785544474 988.438341984983 1006.42377159244 -9999 -9999 -9999 -9999 -9999 -9999 -9999 -9999 -9999 -9999 -9999 -9999 -9999 -9999 -9999 -9999 -9999 -9999 -9999 -9999 -9999 -9999 -9999 -9999 -9999 -9999 -9999 -9999 -9999 -9999 -9999 -9999 -9999 -9999
694.841251940024 704.949927158043 736.375167565268 763.2669738707 801.633460498247 827.605400710809 866.489830892594 926.061249279585 1002.53851468446 1080.00345298892 1126.2550689197 1148.91645787974 1111.68060853051 1051.59160326348 996.55620137199 946.038363597432 957.635913286053 980.211582871734 1025.55762919442 1049.38361596279 1089.77773797707 1125.32922863569 -9999 -9999 -9999 -9999 -9999 -9999 -9999 -9999 -9999 -9999 -9999 -9999 -9999 -9999 -9999 -9999 -9999 -9999 -9999 -9999 -9999 -9999 -9999 -9999 -9999 -9999 -9999 -9999 -9999 -9999 -9999 -9999
662.282513040011 666.986998112475 682.78174960027 700.88764098824 704.177991351143 713.573589137343 755.684950031218 824.688754222432 923.560231443311 1010.05766721632 1068.98798808113 1065.52412289479 1048.92011998911 999.629660184266 954.518205736504 934.83643803831 967.801527179656 1030.65850229732 1051.11857179736 1091.20393096424 1118.7100159692 1154.56026171075 1212.10504050333 -9999 -9999 -9999 -9999 -9999 -9999 -9999 -9999 -9999 -9999 -9999 -9999 -9999 -9999 -9999 -9999 -9999 -9999 -9999 -9999 -9999 -9999 -9999 -9999 -9999 -9999 -9999 -9999 -9999 -9999 -9999
656.54517753007 662.495349844948 651.415782178035 643.328130362464 633.607654383925 617.967129191414 653.293626847814 736.419441770335 828.181460396188 906.810590149926 963.480342677382 960.645599365234 962.988539898982 934.406904126777 919.233962012119 944.305337624472 1020.75640919169 1066.4486013944 1116.21854087955 1160.88800949347 1183.76206294826 1218.40165735464 1256.69811511431 1291.35867959945 -9999 -9999 -9999 -9999 -9999 -9999 -9999 -9999 -9999 -9999 -9999 -9999 -9999 -9999 -9999 -9999 -9999 -9999 -9999 -9999 -9999 -9999 -9999 -9999 -9999 -9999 -9999 -9999 -9999 -9999
661.729161731532 681.411791660747 651.257977094807 610.307522633037 561.527972096303 536.58992060677 555.186276216976 632.166218929603 720.093137483128 791.689453625288 834.135916537926 866.573081594999 851.265912415551 862.55785244801 893.279047231205 974.464400494685 1046.35561333328 1126.13812556032 1193.83761946881 1232.4293282931 1244.54169401575 1274.0209180488 1301.15233574539 1324.6312696113 1310.76773521548 -9999 -9999 -9999 -9999 -9999 -9999 -9999 -9999 -9999 -9999 -9999 -9999 -9999 -9999 -9999 -9999 -9999 -9999 -9999 -9999 -9999 -9999 -9999 -9999 -9999 -9999 -9999 -9999 -9999
769.042356272213 767.527316421759 703.275960109273 587.542736459951 541.184690186235 499.358387517147 504.680754145638 521.435404308507 592.613394502734 668.938926896111 726.443528788989 753.226974799985 795.190664572794 830.809069524046 911.334653760566 1009.8548598993 1103.42208712218 1191.52763591829 1254.88721503586 1285.03880835361 1307.292765633 1328.07087282275 1342.17343790023 1330.75031418097 1325.63554107166 -9999 -9999 -9999 -9999 -9999 -9999 -9999 -9999 -9999 -9999 -9999 -9999 -9999 -9999 -9999 -9999 -9999 -9999 -9999 -9999 -9999 -9999 -9999 -9999 -9999 -9999 -9999 -9999 -9999
888.413483916736 849.524110637727 770.454741993888 652.921101245724 539.666044985662 489.04572285785 450.240814177716 461.208410857154 494.905706124228 551.010731775253 625.52958254736 693.095628582063 758.92586673674 830.304548920178 915.198723965004 1060.03595370934 1166.3174208344 1238.78215251985 1293.62070452581 1338.95610771805 1361.31770699923 1366.9709482662 1371.37910436411 1369.684760422 -9999 -9999 -9999 -9999 -9999 -9999 -9999 -9999 -9999 -9999 -9999 -9999 -9999 -9999 -9999 -9999 -9999 -9999 -9999 -9999 -9999 -9999 -9999 -9999 -9999 -9999 -9999 -9999 -9999 -9999
994.744042568519 968.278107189741 884.477046778945 723.292489380133 589.800101264578 477.339938241927 427.946838718946 405.699441159358 431.749312729132 478.055900585456 549.686898469925 633.855047913848 732.267680934218 842.068042442447 999.872486051966 1126.07579765945 1221.26412313493 1286.37293781218 1335.96537305488 1356.95413458152 1380.02665635406 1393.72203989498 1399.80955630443 1405.72422615426 -9999 -9999 -9999 -9999 -9999 -9999 -9999 -9999 -9999 -9999 -9999 -9999 -9999 -9999 -9999 -9999 -9999 -9999 -9999 -9999 -9999 -9999 -9999 -9999 -9999 -9999 -9999 -9999 -9999 -9999
1093.00611352139 1057.25657678823 966.438278198242 816.478501366787 631.561614239802 504.580900231346 419.53475283013 394.304542416432 407.792144650319 430.363293757204 494.741924715824 596.299599741326 735.751197314653 921.955614433914 1073.15951287942 1200.22120841605 1274.6559118052 1332.20545634285 1359.88017398021 1393.01184582319 1404.3536256884 1426.41612768955 1427.50953849417 1435.91610267514 -9999 -9999 -9999 -9999 -9999 -9999 -9999 -9999 -9999 -9999 -9999 -9999 -9999 -9999 -9999 -9999 -9999 -9999 -9999 -9999 -9999 -9999 -9999 -9999 -9999 -9999 -9999 -9999 -9999 -9999
1144.5129614658 1119.73104958456 1021.3939394091 868.904918483046 682.228230910223 528.322102155842 432.855050071341 383.807175245441 372.124544393821 396.297204377221 453.464467470763 581.134671852237 761.469529949251 969.479750336194 1144.90574070665 1261.61789190574 1324.50988669474 1367.70791976178 1404.10136638704 1427.16249759862 1460.77168549084 1470.63816958568 1474.83635474033 1492.02417692591 -9999 -9999 -9999 -9999 -9999 -9999 -9999 -9999 -9999 -9999 -9999 -9999 -9999 -9999 -9999 -9999 -9999 -9999 -9999 -9999 -9999 -9999 -9999 -9999 -9999 -9999 -9999 -9999 -9999 -9999
1171.03643398598 1138.75584286549 1034.32422375288 894.56037039835 724.91793174431 559.243930926088 445.923295380639 383.135005544444 355.029104107716 380.947732503297 427.892822953521 553.980504645676 762.982947928007 999.576918304944 1182.38532694832 1303.58924040247 1379.46532402664 1422.5514406298 1457.88447946017 1489.82140913166 1515.0772454934 1519.59348584785 1524.82851022189 1526.13407722848 1544.35590300013 -9999 -9999 -9999 -9999 -9999 -9999 -9999 -9999 -9999 -9999 -9999 -9999 -9999 -9999 -9999 -9999 -9999 -9999 -9999 -9999 -9999 -9999 -9999 -9999 -9999 -9999 -9999 -9999 -9999
1162.68240406474 1128.45197783924 1014.84620716533 913.289825189309 748.413065140365 597.984841612519 477.736461326724 392.052554302528 362.097508915135 376.422843589157 417.450511901105 543.846549831453 754.620554439357 998.659153172227 1179.50426245517 1310.22172371286 1403.42128065766 1467.20386542649 1507.72618928503 1557.41257564357 1579.88414926998 1582.46638463755 1555.91559738409 1539.69744372759 1556.90279100762 1583.35562884221 -9999 -9999 -9999 -9999 -9999 -9999 -9999 -9999 -9999 -9999 -9999 -9999 -9999 -9999 -9999 -9999 -9999 -9999 -9999 -9999 -9999 -9999 -9999 -9999 -9999 -9999 -9999 -9999
1151.36608886719 1102.86988255235 1007.28252598497 894.493227348953 747.883224487305 623.392491278101 487.41327185709 398.719597089486 360.165385191558 378.800516878972 406.581514405423 525.158373035368 738.388432236968 966.282634297355 1157.57982698034 1299.88779737129 1403.83249651799 1488.19609194896 1543.34582519531 1596.61225465868 1652.12129586642 1664.82691230149 1617.31375872503 1578.11424980789 1555.19837926646 1609.82901951524 1651.73724865523 1691.19783595351 -9999 -9999 -9999 -9999 -9999 -9999 -9999 -9999 -9999 -9999 -9999 -9999 -9999 -9999 -9999 -9999 -9999 -9999 -9999 -9999 -9999 -9999 -9999 -9999 -9999 -9999
1144.99138253634 1089.74812842197 989.947077266506 872.610581069696 749.499786259698 613.814950223829 476.154959584846 389.095378813196 359.240667792617 373.249177760765 404.925860952158 516.714263978552 719.107530687676 947.302362660893 1116.76261426582 1269.75201916304 1389.01193387391 1482.24145307697 1550.12416952164 1635.71914622823 1701.21237632877 1734.90604388128 1654.30263431737 1615.88590628202 1626.14391689613 1660.84835865459 1682.00100057633 1715.82949779073 1768.71138375704 -9999 -9999 -9999 -9999 -9999 -9999 -9999 -9999 -9999 -9999 -9999 -9999 -9999 -9999 -9999 -9999 -9999 -9999 -9999 -9999 -9999 -9999 -9999 -9999 -9999
1137.54858498495 1065.81612959064 973.250254896821 854.326800862297 718.551958678199 590.888670030187 460.852542955367 373.613016773443 358.526885235896 371.013444963049 406.316923125846 521.655903284667 719.060738735512 935.226601022189 1102.49055956231 1252.36004438557 1361.40415579374 1456.71453857422 1536.31835337154 1621.2131147541 1721.05722296043 1787.27890464908 1721.81682449091 1685.68822641842 1664.29612056545 1660.36360143443 1718.06809122054 1765.66183521709 1799.79235839844 1808.5694460009 -9999 -9999 -9999 -9999 -9999 -9999 -9999 -9999 -9999 -9999 -9999 -9999 -9999 -9999 -9999 -9999 -9999 -9999 -9999 -9999 -9999 -9999 -9999 -9999
1138.70621628058 1059.05129254451 952.268526921507 822.337610838843 687.283701537085 544.26551799696 409.038390128339 358.329559185466 346.948470553414 371.708165340736 407.282889553758 519.466196966953 723.968479093958 933.780868780418 1103.9717557313 1239.19691842501 1342.75231633421 1427.58169605693 1512.4240522541 1595.87412349513 1703.59066022029 1784.3413065926 1818.87862208632 1754.63777335745 1739.24151911501 1715.35808825884 1765.53824402856 1794.89316046043 1830.28859623143 1824.28754562628 -9999 -9999 -9999 -9999 -9999 -9999 -9999 -9999 -9999 -9999 -9999 -9999 -9999 -9999 -9999 -9999 -9999 -9999 -9999 -9999 -9999 -9999 -9999 -9999
1117.65242679784 1037.38212110175 921.410048062684 783.677998761662 639.644963217563 489.316707110796 373.190243955518 337.975999785251 329.947997953071 357.510661625471 406.312978463095 530.417086949114 742.406827332544 955.604991975378 1128.9815933978 1266.88112352715 1358.41034936123 1435.99776671363 1502.70051349577 1558.51011982902 1646.10235495645 1755.91576948322 1814.87572441726 1775.47973432697 1771.71838779137 1764.48819119813 1791.23464315446 1826.55457543545 1822.07985199475 1825.23575579534 -9999 -9999 -9999 -9999 -9999 -9999 -9999 -9999 -9999 -9999 -9999 -9999 -9999 -9999 -9999 -9999 -9999 -9999 -9999 -9999 -9999 -9999 -9999 -9999
1099.30973590788 1008.16146525399 883.976440992512 737.929647711457 582.897819206363 416.994960878716 334.141016506758 313.365523873783 318.148192296263 348.019349051304 408.661609055566 551.812836803374 771.563160630523 1000.53328016938 1150.2998597192 1278.71520395748 1366.6527539863 1447.21398825724 1517.83562532018 1583.71373511142 1669.82813100346 1747.0356045082 1825.73717461258 1843.42885301934 1817.00944343942 1806.44164238601 1825.96225625961 1822.05576612129 1826.05516177318 1812.55189589203 -9999 -9999 -9999 -9999 -9999 -9999 -9999 -9999 -9999 -9999 -9999 -9999 -9999 -9999 -9999 -9999 -9999 -9999 -9999 -9999 -9999 -9999 -9999 -9999
1063.81611007941 964.37528366339 831.421320274228 686.262957213355 504.913821806673 370.259793828745 303.286947516144 295.945430646177 311.284949380843 350.500509821001 419.375838170286 586.485605888679 820.243045994493 1034.55584066422 1170.9954894019 1302.84017193904 1384.19220270876 1469.74949771068 1542.63068927702 1617.15079685899 1676.72901591317 1762.0019191054 1827.61398365459 1858.6076119845 1859.39447321657 1831.86793192879 1823.08383829086 1824.65111904457 1797.89805127754 1805.45318303343 -9999 -9999 -9999 -9999 -9999 -9999 -9999 -9999 -9999 -9999 -9999 -9999 -9999 -9999 -9999 -9999 -9999 -9999 -9999 -9999 -9999 -9999 -9999 -9999
1038.90367151479 921.41100724017 773.988759384781 620.568443939334 442.768863380932 328.883127126537 292.667215910114 293.416574712659 321.672678337723 356.366480389579 438.928834567305 619.435428713189 858.441236652312 1053.20509313365 1203.37611264088 1313.48782698835 1397.80597824347 1476.89240802702 1557.64701468046 1637.54739730085 1716.16167712602 1782.47369084593 1830.56530361488 1870.74043649142 1879.92115258389 1837.31476130251 1817.27212074155 1791.41612768955 1746.21295065958 1743.2566498303 -9999 -9999 -9999 -9999 -9999 -9999 -9999 -9999 -9999 -9999 -9999 -9999 -9999 -9999 -9999 -9999 -9999 -9999 -9999 -9999 -9999 -9999 -9999 -9999
1010.37102446009 886.158784897601 730.300480201596 567.224004722032 405.768443623527 307.361533493292 279.423810958862 291.568209413622 317.785851650551 359.167422278983 439.050944562818 645.894875135578 882.928719942687 1064.58477282915 1204.69750176101 1312.64362973072 1389.621034716 1470.21531502145 1571.95654697106 1645.31799716637 1732.43489850154 1787.98849137103 1763.98286813204 1789.63412125384 1783.613805552 1755.15422883581 1731.47668457031 1717.63349089075 1717.59114449923 1708.10932096888 1720.56893570697 1732.16256763896 -9999 -9999 -9999 -9999 -9999 -9999 -9999 -9999 -9999 -9999 -9999 -9999 -9999 -9999 -9999 -9999 -9999 -9999 -9999 -9999 -9999 -9999
1001.46160263312 861.690218378286 708.595026860472 535.247786361663 379.240637763602 289.8213381181 278.510791583139 256.696749108737 310.982398173848 359.743499740225 450.128464081248 663.228676217501 904.974785476434 1076.80190889953 1218.56496441951 1315.30415019051 1388.04104464171 1468.85800821273 1568.64894179047 1650.82007036053 1670.14101922707 1729.38177790407 1722.58986176037 1691.76098832928 1681.00577932889 1646.98200163294 1643.19415583376 1668.66141897733 1669.66884125256 1697.54341100474 1724.78702132428 1739.08681400487 1765.32019443199 -9999 -9999 -9999 -9999 -9999 -9999 -9999 -9999 -9999 -9999 -9999 -9999 -9999 -9999 -9999 -9999 -9999 -9999 -9999 -9999 -9999
985.456782106493 847.007350773108 685.661085785412 515.667099428959 369.590882395135 291.273101243816 272.520045757294 232.858186627998 298.078576963456 357.48725078145 472.461746419062 704.501903596472 941.37906434106 1101.48524450083 1237.47807337026 1328.64726982742 1386.7642341989 1461.02581286821 1523.40968998143 1595.66149502113 1645.90011846824 1654.87656089908 1639.20408955558 1626.68091420658 1606.87917640561 1596.76381595799 1610.41609366995 1635.5842085041 1648.38693287334 1673.16949162718 1696.18798227779 1727.81320440574 1772.83587746542 -9999 -9999 -9999 -9999 -9999 -9999 -9999 -9999 -9999 -9999 -9999 -9999 -9999 1819.70739946209 1831.50831478932 1850.22326860272 1860.91098672836 1883.68972328061 -9999 -9999 -9999
968.971251690974 825.863414264116 692.660998297519 516.462372842382 364.67783746563 290.144981540617 242.906199306738 222.104961254558 283.22051470397 356.094322861218 492.169546658876 755.572402453813 972.590450599545 1145.52524954374 1279.02963006692 1367.13734511078 1419.58610459625 1490.47432321017 1522.13410224289 1562.12445368532 1588.83911933274 1604.35819031762 1610.89656442111 1603.69230276639 1579.26667160284 1580.06701259926 1600.40442995165 1629.96938436539 1636.36724153112 1656.87854404137 1681.40313820761 1718.17658971568 1766.4147769115 1819.6962890625 -9999 -9999 -9999 -9999 -9999 -9999 -9999 -9999 -9999 -9999 -9999 -9999 1797.63737312692 1803.93696569224 1812.65874343622 1821.21536404969 1846.07762271068 1867.76188684682 1895.30640448899 1906.3736091989
