inst/rendena100/SnowDepthMapFile-2014-MA-mean-winter-2013-2014.asc
ncols 320 
nrows 361 
xllcorner 618410.159 
yllcorner 5088785.286 
cellsize 100 
NODATA_value -9999 
[rows 72 to 95 of 361, columns 54 to 107 of 320]
394.609113844508 394.886716525086 405.782627740722 412.619009360961 418.716799405083 417.021422695063 402.079077708917 341.34844733506 309.386058629231 311.376845228348 331.388210932648 347.854205192723 360.545638402832 370.360390345093 382.232628646444 393.59900806771 439.069938487694 503.894680586018 594.894953243068 713.539654841189 834.790438292456 945.648054279265 965.273130323066 841.731055588019 823.919040367252 889.659009089235 1063.2758598953 1168.45953669314 1272.25996373911 1400.19228475602 1545.35376576908 1667.12960865459 1699.13684282147 1853.59831863153 2195.61915063076 3042.77527055584 3857.53644099001 4663.10293929303 5320.9601130251 6204.42498879354 12279.6167712602 16361.7239209785 13654.3830366291 8045.46019307121 3436.68080014088 3358.47021884606 3307.34316566342 3281.99467693391 3210.19225073642 3131.84747614626 3067.35705366291 3038.38683481685 3063.82804495389 3074.37164206583
435.47205538408 445.126374291592 442.169442911617 417.430473624683 404.823529180933 368.125600051394 344.154142185328 305.51138457717 291.835400426424 316.147218020938 335.271039374661 347.112826628763 351.264409166868 356.922710121655 350.900536130808 355.975902830724 375.491706633177 438.034599835755 500.984684928519 598.115580074123 694.112909035605 769.163245529425 796.226558997983 725.169113409324 775.045503209849 913.477789706871 1046.12239449923 1142.26699779073 1265.89232097688 1363.02822025487 1504.89563988858 1680.17953341124 1686.44596487577 1851.67398821721 2271.15251985143 3156.08352811219 3784.84477859247 4276.80466348617 4110.78830206199 4015.02747182377 4455.00751632941 7481.7505283043 14062.9297515369 11040.5087890625 3674.87044137423 3329.59739209785 3300.56376873079 3271.6182401063 3200.76012583248 3101.95798780097 3055.62191422259 3048.15645411757 3036.77329741931 3068.27914078509
517.500663538448 500.033137993734 481.188988247856 459.058711505327 427.420619010925 376.004843571147 325.403582307159 320.427692632206 335.57374049059 352.92846279457 364.216383074151 357.021726795884 346.568605555863 334.665118780292 332.343282433807 324.877814362284 333.96668950737 377.273612375142 437.669363803551 512.549652099609 581.564342311171 639.766096771741 659.966818887679 667.316299438477 746.422773017258 927.083554127177 1052.16615970799 1146.3460073002 1247.9598848937 1329.71991867316 1512.49167320377 1611.77588691086 1675.51784828061 1947.08027223681 2558.31059890497 3295.85413598233 3742.81191166112 3490.1667680584 3148.35723776895 3050.98519547259 3544.14814132941 4585.4057216957 10240.9603931865 12442.6742763832 6137.06646228227 3300.99101082223 3239.38187996286 3225.66467885502 3186.20919649718 3126.37349113089 3056.73253393955 3027.07456695056 3029.52436203253 3031.04316086066
611.204292203559 605.815954395982 595.70667104252 566.240589454526 536.977838860184 393.076876421444 352.353069962048 340.113834725052 355.091689985307 368.782369910694 364.145252047992 359.796790146437 324.10158513804 313.610934906319 300.086165365626 304.164009156774 306.014927460858 323.052310994414 375.740573703266 448.33122503562 507.824932661213 567.653265030658 588.877767844278 649.515219266297 802.019226074219 965.456616010822 1077.86850726018 1133.99420966477 1269.95574050653 1364.38546802959 1491.80151367188 1589.37629274462 1735.14191774462 2270.94947089524 3018.38617443648 3521.96399125897 3300.80894595287 2897.08733830686 2800.40119909068 2789.20219646516 3185.9778392354 4192.36562660092 5730.45455782531 11279.0084208504 8600.17333183914 3317.38753922259 3210.23732469903 3175.31867555712 3155.96550813268 3105.87272669057 3046.0597224001 2996.14845350922 2980.70915247182 2940.05583215932
730.900706869657 720.345099152112 696.819512789367 675.116253962282 633.228179243744 595.482525184506 553.35459527813 515.435993253208 469.047114387887 434.93586240831 376.58422088623 321.150281124428 295.963328189537 258.489901183081 259.697814667811 258.32866168413 276.071769292237 286.248318436571 325.784589325795 376.973116038276 429.045291963171 487.866475339796 575.778450137279 705.724247666656 870.622063308466 954.607649005827 1116.37961966092 1162.20782070473 1241.10267514088 1346.70169217469 1488.83040631404 1621.15681032275 1985.0360227491 2629.36322121542 3283.65913165984 3308.55180183786 2851.9865562564 2754.29962858607 2737.91065653817 2780.74668609119 3001.81759493468 3827.99679015113 4937.04537813781 7695.49317206711 7002.56531762295 3463.32675621158 3168.12185418801 3133.83608158299 3110.35016169314 3067.10878666112 3013.13745917649 2963.94227475026 2929.86852026767 2886.49220350922
840.615020751953 837.753134805648 829.374745853612 809.008976670562 766.891796674885 732.785319343942 693.557556402488 628.061105196593 521.252482851998 405.24995383521 341.733277109803 269.429742547332 233.897654799164 221.694097284411 221.417116352769 221.962904320389 234.505545412908 256.130028841925 279.055551570947 315.435709456928 373.030599945881 457.215763529793 568.469362853003 723.506368168065 863.044794801806 981.251272733094 1071.57754666688 1131.44290811507 1203.59158875512 1392.04250448258 1566.21147180776 1803.74428470799 2345.74096279457 2882.97414510758 2886.8651583312 2744.12052942495 2673.02741178919 2627.85908683402 2656.08238745517 2727.33302382172 2874.02015961194 3484.87448370261 4448.7757668417 5542.56286821209 5798.38006691854 3457.40400870902 3118.47223200564 3082.79318887679 3047.07874535733 3023.6764576396 2972.32697633837 2924.15207159324 2859.59782034452 2816.97127945697
927.154061739562 906.921440749872 891.971125368212 863.53817598937 838.866423059682 808.629552122022 767.256963510982 658.203167024206 494.418363023977 344.317819376461 265.4756771616 220.30060618041 196.149263850978 185.39406779555 189.332415170357 192.923393179159 202.363419970528 230.705678267557 255.51536112926 278.950471212813 339.230035946017 433.138858044734 558.698743726386 692.724029541016 819.794272500961 932.67431640625 1009.5835151047 1079.99963679079 1251.38278648502 1475.11126208696 1667.4998098905 2029.06605804944 2493.03314709273 2559.85639728484 2579.10819431993 2506.6853187436 2454.89350665984 2471.34940925973 2540.64740090292 2606.89602010758 2653.28954277664 3064.27469822618 3952.68344966701 4712.05503970287 3859.82957383453 3479.82138912013 3176.68042792649 3084.07548347848 3077.61588274846 3037.2195784772 2993.614185771 2928.66887727331 2847.44032162526 2790.34242923924
947.350036621094 933.579832983799 933.162629674693 917.094021156186 912.088900206519 891.976745605469 806.349463791144 636.894221071337 446.970954394731 308.57376025498 239.390012490945 181.815820944114 175.299323754232 187.567426900395 184.916759553503 180.757547175298 192.633645874555 209.04440035656 231.73739329435 257.283940388042 307.730264257212 393.793559590324 513.271913372102 619.180041704022 734.349000024014 824.997492555712 904.216972976434 1054.55649954374 1276.70748951396 1369.65156930392 1564.76471647669 1944.71466164511 2233.56537165407 2444.00066838499 2398.36350137679 2286.85041984183 2260.83016617572 2319.74689020876 2391.07922763512 2447.94205462346 2510.81572185579 2625.09791639985 3297.5581414895 4322.18504258453 3995.97865170338 3711.25448658427 3267.31437307889 3161.39643234503 3102.83927942495 3036.56057088883 2994.63569816214 2938.7033531314 2897.4983510502 2843.11024350026
982.247801733799 998.120079165599 1020.84790639408 1026.57331923188 1017.19154533011 983.04206322842 831.730285144243 620.908561581471 429.339117386302 319.124073825288 255.8266594904 215.476108113273 204.431306807721 211.466953746608 162.563366030083 181.403723075742 184.25830565906 188.793456233916 206.844164813151 235.831833167154 259.535969593303 318.441688615768 408.803895418761 523.4953328117 628.153984695184 729.961838518987 826.604839387487 921.395299692623 1078.75938440542 1263.71729716317 1447.47992043417 1827.58915535348 2165.06216780866 2318.78224057057 2224.18987136591 2175.14027079598 2150.53739153753 2229.11897252818 2264.45402751985 2317.01154264857 2378.91660196273 2422.81308433658 2871.05625240138 3926.81125128074 4867.66959368596 4412.65941182121 3471.78642097848 3243.55026495261 3157.17550909324 3092.38459752818 3024.81281217982 2956.25928534836 2940.33600553919 2881.70029537013
1092.21028712538 1116.26448234183 1131.74092477267 1143.41589855757 1102.92621750128 1038.70140100698 851.907112997086 620.056233390433 435.585133690082 354.437868094835 281.136338170038 250.594718088869 217.189198947344 199.14741190926 185.205774201721 171.813026021739 165.8476234694 172.833210179063 178.782143066401 196.621469962877 216.825061456377 250.519142674618 321.746490931902 438.214745193231 537.193473440702 644.381241595159 732.983192318776 804.496409932121 903.51524578157 1054.25578533235 1271.78263479764 1616.3572697874 2064.20066558338 2187.95798579982 2109.88577420594 2053.15779689101 2060.10291928151 2133.49890536949 2192.77701355981 2269.08023221376 2309.1403208248 2320.2228843814 2534.72557793289 3528.00396228227 4786.62504802766 4578.72528176229 4116.10803422772 3311.57855724898 3183.16237752946 3111.59861280097 3055.64106525359 3015.27563076332 2984.48075291368 2954.56312035733
1201.227467021 1213.73030465548 1221.36541447874 1240.21238233222 1217.38970446977 1078.70712930648 854.662051341573 637.713795396148 471.997240323863 388.551436471157 338.819708320205 287.739783003491 247.951011954761 203.107701801863 180.536142396145 159.019464031595 151.30970861091 145.390646840705 143.238849295944 150.114941190501 171.82211569489 202.255189625913 262.139854290446 360.380013825463 465.676214249408 568.969489425909 640.252775598745 725.710122030289 791.745566446273 917.725820072362 1116.53571257044 1435.53178230661 1945.13879594647 2102.18026383197 1980.35129434554 1903.29322089524 1932.65206959209 2017.19143426614 2081.85041784068 2175.03970687116 2261.21687692111 2295.72064309042 2423.99460089011 3232.80921810963 4491.79290471311 6007.97203989498 8093.65593782018 3673.48963803151 3179.73337042136 3103.61499823899 3092.10342357198 3054.08438860784 3052.37641281378 3001.80744108607
1289.11293304944 1292.84455646452 1325.85883468878 1370.77447409708 1288.31455318263 1080.13379306481 849.237366222944 662.99201965332 532.955314448622 451.028824712226 400.426421450787 345.321401377193 276.623564450742 225.089730028246 180.945912626923 157.328318017428 123.08447753406 121.468061572216 117.958716283079 116.837333765186 133.001789085201 170.395548071895 213.604003968786 302.479391723383 391.527455689477 475.574607724049 571.49403706535 657.57499069464 740.9220440974 813.468105628842 994.956936195248 1289.50949346824 1759.89337658491 1960.34380603227 1808.85304535412 1743.0846607646 1753.16506707864 1860.67435442815 1933.12552029969 2065.65071281058 2185.1296546811 2276.23852338947 2402.74313204406 3092.2930407915 4150.7409868084 5411.72708279969 8607.5375576332 4337.17412429559 3222.76706582992 3127.89045290087 3126.66782866931 3081.12293881276 3095.5775966957 3049.53332719647
1377.70356725474 1450.60414798924 1549.99780873783 1541.04199018635 1332.3003500016 1036.27665435291 857.639469834625 727.968595911245 628.244458057841 554.896435471832 489.214009019195 409.491107409118 331.88334855877 251.33838004167 191.277962199977 157.014196708554 133.957860321295 92.002061515558 93.0845050968108 95.1712354206648 109.067038399398 137.129919550228 176.447112384298 230.981320756381 314.264493269999 408.093499855917 507.046537305488 619.899147408908 711.484641653592 780.044806808722 918.379390528945 1184.14990734663 1530.40956190766 1726.52350153689 1602.9803206647 1550.81860351562 1565.82252977715 1681.03284691983 1784.25406834337 1926.75586137615 2098.87628874232 2242.37852603099 2426.68876873079 3063.62210233094 3885.44965099898 4895.80947425717 5060.38153976691 3964.16914542777 3390.51301149462 3190.15064277024 3189.23871349898 3174.82467501281 3152.11262086962 3063.29942446849
1645.56510349962 1724.06887367123 1702.87106773502 1570.46857589972 1273.86555355885 1058.34442739018 944.944578076972 854.993286633101 765.199159715996 671.14330904601 566.427684096039 465.258939743042 362.009167186549 277.626297565757 207.804788409686 152.710014538687 133.308308953145 111.466534548118 80.2951395228261 79.7990644798904 87.2131633914885 106.205320358276 131.683300637734 169.757061121191 242.632727122698 345.387147997246 461.333729478179 590.060055592021 693.191410752593 766.401737400743 868.535029176806 1104.56170754355 1370.31383676998 1461.63126360784 1391.19595286885 1392.99574154713 1471.8298920178 1548.91434466253 1665.10319544057 1782.34990554559 1954.64212386335 2160.91225545914 2379.00084448642 2996.88762727331 3649.47062307889 4259.00876104636 4610.19630507172 3779.45619877049 3270.44425589139 3097.91447473745 3183.05473552766 3274.1332647605 3232.8858902728 3161.77263703893
1914.97745301294 1955.9389248207 1848.79962058145 1583.50510894275 1329.70578553247 1178.37933149494 1076.67783343206 985.46452456615 873.165878546043 747.997028288294 622.877565978003 489.095379688701 377.093974778642 290.729137667867 204.077248116726 156.971696295638 122.604861493971 108.877541557687 88.6343901743654 76.9837370915491 75.2800983897731 83.324200567652 97.3956966712827 122.621243922051 184.085811212415 294.358297801409 419.653291045642 553.884773629611 657.372519571273 734.183677798412 814.945013327677 997.410007164127 1190.85617115459 1271.39927698354 1235.67578825403 1282.96671682889 1376.80771224225 1444.27055183786 1547.03772172772 1658.5255006884 1826.60878465996 2067.09771428343 2275.43985135438 2752.56479332095 3202.83569335938 3612.39499551742 3844.55536789191 3155.51124247567 2991.98696449155 3001.60793417008 3108.30880186988 3271.25649173924 3251.49356829534 3241.63568615523
2130.58125680392 2237.85568887679 2025.45662301486 1687.63253233863 1463.89399694224 1344.69112208632 1204.41267069832 1065.44935582896 922.630528184234 780.558087958664 642.915281452116 509.750268404601 372.840532756243 275.795568428567 200.63177526272 155.767704532642 117.626715081637 98.052812607562 80.3077997614126 63.0749433606283 62.6479007416084 68.360013930524 70.9661952636456 94.2763907625311 138.818146253112 224.050433809977 350.172502236288 478.147102481029 595.983364417905 669.014259713595 728.68874671811 856.847145956071 1010.78371742123 1112.11214859759 1112.92158583344 1155.50043224898 1245.66776663358 1337.69313924821 1444.25179503394 1571.06163950435 1690.56610007364 1940.53454189613 2169.23782298604 2403.38751520876 2682.27148837731 3045.12098568776 3172.39955414319 2907.01826652152 2685.80489561988 2633.14483942751 2746.44327932889 2991.74031442111 3234.21862192623 3217.07186139216
2251.98919977907 2430.81308833888 2297.01865474513 1934.61126208696 1662.35445016329 1522.77312732134 1336.96652771997 1133.34981949603 933.86712746542 788.301071917424 652.369044569672 515.549890361848 370.759627623636 270.832291857507 191.074993581068 142.37901955675 111.358707678123 88.2664768813086 72.6500342165837 63.5595240651584 56.4760528646532 53.5636849794232 59.58691414067 78.8660494716395 106.705589475227 166.222035542497 271.403626043288 388.288283426254 510.592962546427 596.470583556128 656.311172735496 737.671334688781 872.665338234823 962.566649390049 1012.56222384093 1064.72169369557 1144.24907446689 1218.14260313941 1331.47951019787 1452.96045722336 1570.23845935259 1782.04745133197 2045.618092021 2262.04300076844 2470.42490074283 2743.33422051101 2841.84377001153 2671.77370565446 2413.48372462538 2337.94952892866 2335.05037301486 2574.93923299821 2837.88563412526 3041.84424228356
2310.98635814229 2476.50114866163 2377.28724545338 2094.03141609567 1812.72301045402 1610.03446185003 1380.79402235688 1178.64941706423 979.126102635118 820.312880219006 686.407543244909 538.184988553407 378.389253069143 255.078947511731 181.611480698814 131.76012299393 108.465158333712 87.0516397735623 69.6141066707549 56.2517343583654 47.9720557517693 47.1362998172885 50.5317797582658 64.2152899640505 92.1997325496604 128.313649285348 201.956049186896 310.096347996446 431.371367157483 529.081951203893 615.522798632012 694.786057769275 784.747959324571 869.539365674629 912.466733838691 969.405282442687 1024.79475377818 1092.52513747919 1180.71230328669 1356.20410756596 1493.50817871094 1619.20464387487 1932.15976802638 2157.34545698322 2337.87240450499 2473.72376088627 2570.6660916688 2453.70474593366 2281.40880547195 2184.495831599 2102.35255507172 2274.55243820441 2446.39199779073 2695.23654024718
2355.46769339139 2415.23312227843 2149.81712666496 1857.593487849 1625.83795866419 1497.47790127113 1314.47864569992 1223.51463643058 1030.09475758037 852.689512159004 711.47797831551 535.135894775391 372.75085338999 249.965755141661 180.507572584556 135.133630799252 118.41064029974 91.5647778432877 73.8637049080896 54.4141354248172 49.3237533237113 46.3688680050803 47.1144413029561 57.946875666793 84.4901774643394 114.363013581482 166.949296142234 266.951749356067 369.009688330478 494.685904080751 591.903847115939 681.641255863377 760.879781254002 801.412910836642 828.446132972592 861.291395844006 907.765956190766 975.934977547067 1073.32224761463 1218.68071609247 1384.16562339908 1550.69416583952 1741.90184946529 2027.13034908107 2146.62225842085 2220.06322041496 2268.59162277472 2201.77759389408 2137.71207215356 2032.12327900871 1950.1133532915 2031.82588971247 2123.51876480853 2294.67980756916
2426.85486039959 2234.57908955558 2003.48057681224 1665.55839563589 1484.96573426294 1406.31868056 1291.60175761238 1168.24448382268 1001.0584966941 903.116073358254 715.534479360111 534.861552629314 379.801085862461 262.288230473878 199.316759205377 152.356601318085 130.227008504946 99.458327402834 80.7200168925108 58.6629120873623 46.113230640771 41.6787203491711 44.5090196152202 51.8793562725735 66.6738337962354 104.551731961383 147.65897260078 237.281284333191 340.505801529181 443.748926381596 547.489188272445 638.927602799212 717.775109963339 743.053439281026 758.483056740683 776.348933985976 825.601045702325 896.762610263512 991.259145267674 1122.78762467181 1289.26381495742 1433.62068951716 1596.87162805776 1741.03003530033 1885.09155673668 1943.7092885502 2009.11845022733 1990.03646300269 1899.4748755283 1758.8958460073 1737.65060474834 1742.58855900999 1886.12718926101 1964.10929495389
2495.80457143315 2301.34248927382 1905.12426157467 1599.60977523053 1464.23134725602 1357.84590824315 1242.98262299084 1108.34215308017 990.062005715292 843.7412954862 679.258893622727 558.417433941951 413.182934589073 308.346581552849 234.531692139804 181.963773701523 135.113846618621 112.444276788073 86.2363813696658 66.5219001300999 49.9822608291126 44.2049000380469 45.9050221560431 45.0923828687824 56.8621032042582 88.8042791112131 136.674590079511 209.498691269609 303.259700212322 400.687049615579 492.717740418481 578.947493256116 643.756105516778 669.511604684298 678.916925148886 697.009057216957 756.245067658972 851.390881147541 956.68240706647 1054.00077244493 1174.55163574219 1305.29941746446 1400.93408803471 1461.65476314357 1521.82770876025 1595.00584136463 1680.37953261078 1633.69537253458 1568.77193863665 1517.88739914191 1562.81000656378 1603.43029585041 1761.42504082351 1842.80681272413
2442.3497614626 2240.81278416368 1886.31352058786 1597.06068295338 1477.30850970159 1350.16464383485 1207.97002573482 1052.96315477715 934.500656378074 812.998617203509 703.030906552174 580.382011913862 492.480131680848 378.75632066314 277.026301894398 211.71283217976 147.884490541763 121.230681629455 98.0212389523866 78.605961459582 58.1166181329821 45.177361330048 40.4309823239436 42.482619912898 49.0173496965502 74.027292626803 117.199982906731 168.771141506609 255.952476340475 331.161374420416 411.616353894843 496.717811709545 568.357704787958 605.603657956983 604.586569864242 628.151343423812 694.234045310099 802.492685787013 914.359142866291 991.407389656442 1037.16328305104 1125.50975161693 1167.62711121606 1247.44626104636 1342.55877185259 1457.72281634221 1496.19876248719 1426.16738441342 1376.51773321433 1340.13395315702 1416.60424104284 1473.3898175349 1600.80500568327 1667.62675501089
2513.25609551101 2201.58752841637 1843.88337682505 1628.60067398822 1491.04385926294 1329.00808165503 1175.05517978356 1026.35102218878 895.029414943007 794.00654677094 709.896351048204 648.713569015753 557.066617996966 435.086569108054 308.404997286249 227.123072677216 168.866938885355 130.707219442383 111.781688918222 90.394784302008 70.2242488861084 50.3113314831843 42.2493055648491 42.6298962206137 42.7416051723918 55.9671383373073 92.5304066085306 130.806048451877 189.135531296496 260.070384041208 335.194431512082 406.861369523846 502.495168467037 530.529079499792 532.531535664543 562.431513927022 650.925915077084 761.391578048956 852.738497374488 892.572190581775 916.314664246606 937.829107565958 988.558011414575 1091.49941466285 1216.72304647477 1346.90769082992 1399.84070124392 1303.87764252209 1233.63923019659 1228.57010337955 1253.93842753426 1320.61198050077 1425.31295025935 1488.03923960201
2560.60295930456 2202.5490522541 1880.69476018186 1612.89116731237 1480.05052310131 1356.71453257076 1142.98898465516 1016.33440861936 892.025495685515 803.185639428311 744.729148989818 687.641611318119 609.745342317175 478.850500411675 343.596234094901 253.045888952544 196.707588176258 152.101662161577 128.492186219966 105.390327406711 86.4790511521793 61.5735751918105 46.3372070046722 39.14368437939 40.7305861242482 47.9869059403377 67.5931656067515 97.8020163108714 132.455029724105 195.808037148147 262.919538873141 338.497412009317 391.389321655524 442.412368461734 444.9751585507 498.01123659728 605.498103157419 708.239525466669 754.8162371526 769.697740898758 780.519308621766 831.378792184298 901.858407442687 1005.23127521452 1096.60138439741 1202.80893494653 1259.48606397285 1179.04931240394 1117.06990526543 1077.24790179143 1129.37333103868 1191.16740742668 1287.16967073034 1339.66034736008
